0 0
1 1
2 1
3 2
4 3
5 4
6 5
7 6
8 6
9 6
10 7
11 7
12 8
13 9
14 6
15 3
16 10
17 10
18 10
19 10
20 5
21 11
22 12
23 13
24 0
25 14
26 13
27 15
28 15
29 15
30 1
31 1
32 1
33 1
34 1
35 1
36 1
37 1
38 1
39 1
40 1
41 1
42 1
43 1
44 1
45 1
46 1
47 16
48 17
49 17
50 18
51 19
52 18
53 20
54 20
55 21
56 22
57 22
58 21
59 23
60 2
61 2
62 2
63 24
64 1
65 1
66 1
67 1
68 25
69 25
70 1
71 15
72 16
73 1
74 16
75 26
76 1
77 27
78 27
79 1
80 28
81 1
82 16
83 28
84 1
85 17
86 23
87 21
88 17
89 1
90 1
91 21
92 16
93 1
94 17
95 23
96 21
97 16
98 21
99 21
100 1
101 17
102 21
103 21
104 1
105 1
106 1
107 23
108 21
109 23
110 16
111 21
112 17
113 29
114 15
115 23
116 15
117 17
118 17
119 17
120 17
121 17
122 19
123 18
124 18
125 18
126 19
127 22
128 22
129 13
130 19
131 30
132 2
133 2
134 2
135 19
136 16
137 17
138 17
139 24
140 17
141 24
142 21
143 21
144 2
145 22
146 22
147 31
148 2
149 30
150 19
151 13
152 2
153 2
154 22
155 31
156 30
157 22
158 16
159 2
160 21
161 30
162 2
163 2
164 2
165 30
166 19
167 18
168 32
169 18
170 2
171 16
172 33
173 2
174 31
175 31
176 18
177 2
178 22
179 30
180 34
181 35
182 18
183 31
184 36
185 36
186 36
187 36
188 22
189 30
190 30
191 2
192 34
193 1
194 15
195 2
196 35
197 35
198 35
199 35
200 35
201 37
202 34
203 18
204 18
205 36
206 35
207 35
208 35
209 38
210 35
211 18
212 35
213 18
214 18
215 22
216 28
217 22
218 21
219 16
220 35
221 35
222 38
223 35
224 35
225 35
226 2
227 2
228 30
229 37
230 22
231 30
232 17
233 30
234 34
235 38
236 38
237 30
238 34
239 2
240 2
241 39
242 30
243 39
244 40
245 41
246 41
247 19
248 21
249 21
250 16
251 5
252 38
253 38
254 34
255 30
256 30
257 21
258 2
259 30
260 24
261 17
262 41
263 34
264 22
265 41
266 41
267 41
268 41
269 41
270 30
271 41
272 41
273 21
274 19
275 41
276 1
277 34
278 22
279 5
280 41
281 30
282 42
283 41
284 38
285 41
286 35
287 16
288 34
289 28
290 43
291 16
292 35
293 34
294 1
295 18
296 18
297 44
298 41
299 38
300 38
301 38
302 38
303 34
304 34
305 21
306 45
307 45
308 1
309 45
310 45
311 41
312 21
313 45
314 30
315 41
316 16
317 43
318 43
319 44
320 32
321 22
322 46
323 38
324 22
325 43
326 43
327 41
328 16
329 41
330 26
331 26
332 26
333 26
334 26
335 26
336 26
337 26
338 30
339 26
340 26
341 26
342 26
343 18
344 18
345 26
346 6
347 18
348 16
349 1
350 26
351 26
352 5
353 16
354 6
355 26
356 22
357 26
358 1
359 16
360 26
361 26
362 1
363 26
364 1
365 26
366 36
367 41
368 35
369 35
370 26
371 41
372 47
373 47
374 47
375 47
376 47
377 47
378 47
379 47
380 47
381 47
382 2
383 2
384 48
385 48
386 48
387 2
388 48
389 47
390 48
391 48
392 48
393 41
394 47
395 47
396 34
397 48
398 48
399 48
400 41
401 49
402 50
403 49
404 49
405 49
406 48
407 48
408 16
409 48
410 48
411 19
412 47
413 34
414 1
415 26
416 26
417 45
418 14
419 26
420 6
421 26
422 1
423 41
424 45
425 51
426 41
427 30
428 41
429 52
430 1
431 1
432 53
433 53
434 53
435 53
436 53
437 53
438 53
439 53
440 53
441 11
442 53
443 30
444 48
445 50
446 49
447 49
448 1
449 14
450 1
451 38
452 21
453 49
454 34
455 3
456 50
457 3
458 3
459 3
460 3
461 1
462 3
463 3
464 3
465 3
466 3
467 11
468 49
469 11
470 54
471 26
472 3
473 6
474 53
475 54
476 11
477 11
478 11
479 52
480 50
481 5
482 52
483 41
484 49
485 53
486 44
487 53
488 5
489 53
490 48
491 54
492 50
493 19
494 11
495 53
496 53
497 2
498 5
499 18
500 38
501 53
502 55
503 11
504 14
505 26
506 24
507 56
508 56
509 56
510 54
511 49
512 53
513 28
514 53
515 57
516 53
517 56
518 38
519 56
520 50
521 53
522 53
523 49
524 36
525 11
526 57
527 53
528 54
529 1
530 53
531 2
532 1
533 49
534 19
535 9
536 9
537 9
538 3
539 3
540 26
541 46
542 19
543 53
544 2
545 53
546 2
547 38
548 2
549 22
550 2
551 26
552 58
553 5
554 9
555 53
556 51
557 2
558 2
559 2
560 3
561 3
562 47
563 53
564 53
565 53
566 59
567 59
568 55
569 1
570 30
571 53
572 53
573 59
574 59
575 1
576 53
577 3
578 10
579 10
580 10
581 60
582 1
583 61
584 53
585 10
586 59
587 10
588 10
589 10
590 10
591 14
592 10
593 7
594 62
595 10
596 19
597 61
598 61
599 63
600 61
601 10
602 14
603 30
604 62
605 3
606 1
607 3
608 1
609 49
610 64
611 65
612 56
613 56
614 54
615 66
616 1
617 65
618 65
619 65
620 65
621 63
622 67
623 65
624 5
625 67
626 65
627 68
628 10
629 67
630 63
631 19
632 10
633 40
634 61
635 67
636 61
637 69
638 12
639 12
640 59
641 61
642 69
643 19
644 53
645 10
646 60
647 10
648 8
649 2
650 61
651 67
652 70
653 61
654 13
655 14
656 14
657 1
658 1
659 13
660 13
661 1
662 60
663 60
664 26
665 60
666 17
667 23
668 21
669 13
670 18
671 32
672 60
673 21
674 24
675 30
676 30
677 2
678 21
679 35
680 38
681 39
682 21
683 35
684 42
685 21
686 21
687 1
688 45
689 50
690 49
691 26
692 19
693 60
694 3
695 53
696 4
697 14
698 50
699 50
700 14
701 49
702 26
703 49
704 49
705 7
706 7
707 7
708 7
709 13
710 40
711 4
712 7
713 2
714 9
715 50
716 70
717 70
718 71
719 45
720 70
721 35
722 72
723 73
724 35
725 14
726 14
727 14
728 73
729 4
730 74
731 60
732 49
733 63
734 14
735 14
736 14
737 45
738 14
739 6
740 6
741 22
742 22
743 13
744 22
745 6
746 6
747 6
748 6
749 73
750 38
751 50
752 6
753 73
754 38
755 73
756 22
757 73
758 73
759 46
760 73
761 73
762 73
763 73
764 73
765 73
766 47
767 59
768 46
769 37
770 54
771 5
772 73
773 73
774 54
775 73
776 22
777 73
778 37
779 73
780 73
781 73
782 47
783 63
784 73
785 73
786 73
787 73
788 73
789 73
790 22
791 16
792 73
793 52
794 74
795 52
796 63
797 22
798 73
799 73
800 73
801 74
802 75
803 75
804 75
805 70
806 0
807 13
808 14
809 14
810 0
811 13
812 13
813 13
814 13
815 1
816 1
817 15
818 1
819 1
820 1
821 1
822 1
823 1
824 1
825 15
826 1
827 1
828 1
829 15
830 1
831 1
832 1
833 1
834 15
835 15
836 1
837 28
838 1
839 6
840 6
841 21
842 5
843 5
844 5
845 21
846 17
847 17
848 21
849 21
850 17
851 17
852 21
853 17
854 29
855 15
856 19
857 17
858 23
859 22
860 1
861 19
862 1
863 20
864 32
865 13
866 22
867 5
868 13
869 22
870 5
871 22
872 13
873 1
874 31
875 15
876 15
877 15
878 15
879 15
880 76
881 76
882 15
883 15
884 15
885 2
886 31
887 31
888 32
889 31
890 23
891 22
892 19
893 2
894 77
895 60
896 77
897 24
898 22
899 31
900 77
901 23
902 23
903 18
904 21
905 77
906 77
907 5
908 77
909 77
910 77
911 22
912 2
913 2
914 77
915 77
916 22
917 77
918 34
919 35
920 35
921 76
922 76
923 22
924 32
925 22
926 51
927 51
928 1
929 77
930 51
931 35
932 35
933 35
934 16
935 35
936 22
937 77
938 51
939 22
940 41
941 77
942 17
943 29
944 37
945 1
946 16
947 5
948 5
949 77
950 5
951 24
952 77
953 22
954 5
955 5
956 5
957 5
958 13
959 13
960 6
961 5
962 5
963 24
964 45
965 6
966 6
967 23
968 48
969 43
970 48
971 22
972 47
973 41
974 22
975 47
976 48
977 48
978 5
979 24
980 26
981 5
982 15
983 41
984 6
985 6
986 6
987 5
988 6
989 6
990 6
991 6
992 6
993 5
994 77
995 26
996 51
997 5
998 5
999 77
1000 77
1001 52
1002 5
1003 5
1004 30
1005 48
1006 37
1007 5
1008 37
1009 37
1010 37
1011 77
1012 22
1013 24
1014 47
1015 3
1016 14
1017 5
1018 77
1019 26
1020 3
1021 5
1022 3
1023 42
1024 77
1025 14
1026 15
1027 1
1028 32
1029 14
1030 77
1031 14
1032 14
1033 5
1034 78
1035 14
1036 79
1037 5
1038 14
1039 57
1040 57
1041 57
1042 57
1043 57
1044 57
1045 57
1046 57
1047 57
1048 57
1049 77
1050 57
1051 57
1052 57
1053 57
1054 57
1055 57
1056 57
1057 14
1058 32
1059 79
1060 53
1061 57
1062 6
1063 28
1064 78
1065 7
1066 7
1067 7
1068 4
1069 41
1070 77
1071 7
1072 7
1073 7
1074 7
1075 32
1076 52
1077 5
1078 7
1079 7
1080 57
1081 7
1082 7
1083 5
1084 5
1085 22
1086 72
1087 7
1088 57
1089 7
1090 56
1091 7
1092 78
1093 4
1094 15
1095 78
1096 9
1097 4
1098 77
1099 5
1100 7
1101 9
1102 22
1103 78
1104 37
1105 14
1106 7
1107 7
1108 30
1109 56
1110 78
1111 80
1112 19
1113 5
1114 50
1115 78
1116 32
1117 32
1118 32
1119 33
1120 59
1121 5
1122 47
1123 37
1124 59
1125 22
1126 59
1127 1
1128 6
1129 19
1130 80
1131 37
1132 47
1133 37
1134 32
1135 37
1136 31
1137 77
1138 64
1139 78
1140 9
1141 62
1142 40
1143 62
1144 63
1145 62
1146 5
1147 62
1148 3
1149 3
1150 59
1151 76
1152 3
1153 81
1154 59
1155 76
1156 76
1157 80
1158 76
1159 1
1160 12
1161 69
1162 3
1163 81
1164 62
1165 25
1166 56
1167 77
1168 76
1169 81
1170 25
1171 31
1172 81
1173 13
1174 13
1175 13
1176 23
1177 21
1178 60
1179 60
1180 60
1181 60
1182 37
1183 22
1184 22
1185 35
1186 51
1187 22
1188 45
1189 31
1190 42
1191 44
1192 22
1193 16
1194 26
1195 22
1196 22
1197 22
1198 22
1199 16
1200 9
1201 22
1202 9
1203 31
1204 31
1205 22
1206 13
1207 22
1208 65
1209 22
1210 56
1211 31
1212 5
1213 12
1214 22
1215 12
1216 31
1217 77
1218 77
1219 77
1220 77
1221 13
1222 1
1223 1
1224 16
1225 1
1226 1
1227 1
1228 1
1229 1
1230 17
1231 43
1232 17
1233 21
1234 17
1235 21
1236 21
1237 21
1238 77
1239 20
1240 22
1241 60
1242 22
1243 2
1244 22
1245 24
1246 2
1247 31
1248 31
1249 20
1250 24
1251 13
1252 2
1253 30
1254 30
1255 2
1256 35
1257 18
1258 34
1259 77
1260 39
1261 60
1262 2
1263 77
1264 39
1265 51
1266 77
1267 51
1268 51
1269 77
1270 77
1271 34
1272 55
1273 32
1274 20
1275 35
1276 45
1277 41
1278 34
1279 37
1280 26
1281 77
1282 6
1283 6
1284 38
1285 6
1286 41
1287 48
1288 38
1289 77
1290 77
1291 77
1292 26
1293 41
1294 77
1295 52
1296 50
1297 77
1298 41
1299 52
1300 53
1301 41
1302 41
1303 50
1304 35
1305 11
1306 49
1307 41
1308 34
1309 50
1310 17
1311 31
1312 41
1313 34
1314 41
1315 41
1316 3
1317 3
1318 77
1319 3
1320 3
1321 77
1322 77
1323 53
1324 55
1325 38
1326 56
1327 56
1328 44
1329 4
1330 34
1331 77
1332 19
1333 1
1334 77
1335 46
1336 7
1337 73
1338 34
1339 4
1340 49
1341 60
1342 68
1343 50
1344 30
1345 30
1346 77
1347 53
1348 37
1349 63
1350 2
1351 34
1352 13
1353 70
1354 74
1355 74
1356 77
1357 13
1358 70
1359 65
1360 62
1361 35
1362 77
1363 12
1364 77
1365 5
1366 23
1367 23
1368 22
1369 22
1370 39
1371 41
1372 41
1373 22
1374 28
1375 22
1376 41
1377 41
1378 30
1379 45
1380 26
1381 26
1382 26
1383 26
1384 26
1385 49
1386 49
1387 49
1388 47
1389 45
1390 41
1391 11
1392 11
1393 11
1394 11
1395 11
1396 11
1397 11
1398 11
1399 80
1400 44
1401 49
1402 55
1403 18
1404 49
1405 27
1406 27
1407 27
1408 5
1409 28
1410 7
1411 7
1412 7
1413 49
1414 25
1415 27
1416 27
1417 67
1418 46
1419 73
1420 14
1421 67
1422 55
1423 65
1424 65
1425 65
1426 67
1427 67
1428 65
1429 49
1430 27
1431 14
1432 28
1433 81
1434 67
1435 67
1436 12
1437 60
1438 5
1439 0
1440 0
1441 15
1442 15
1443 15
1444 15
1445 16
1446 15
1447 15
1448 15
1449 16
1450 16
1451 16
1452 16
1453 76
1454 1
1455 76
1456 15
1457 15
1458 16
1459 13
1460 16
1461 16
1462 25
1463 1
1464 1
1465 76
1466 16
1467 15
1468 1
1469 60
1470 60
1471 16
1472 60
1473 26
1474 28
1475 16
1476 25
1477 23
1478 16
1479 23
1480 23
1481 15
1482 28
1483 15
1484 21
1485 21
1486 20
1487 20
1488 20
1489 20
1490 20
1491 20
1492 18
1493 22
1494 21
1495 22
1496 21
1497 20
1498 23
1499 21
1500 22
1501 21
1502 20
1503 20
1504 20
1505 20
1506 22
1507 22
1508 23
1509 16
1510 21
1511 2
1512 20
1513 28
1514 23
1515 2
1516 22
1517 37
1518 21
1519 37
1520 21
1521 21
1522 21
1523 35
1524 35
1525 35
1526 35
1527 35
1528 35
1529 35
1530 15
1531 21
1532 21
1533 32
1534 19
1535 15
1536 23
1537 71
1538 23
1539 37
1540 16
1541 21
1542 21
1543 21
1544 39
1545 41
1546 39
1547 30
1548 21
1549 41
1550 2
1551 0
1552 39
1553 51
1554 21
1555 35
1556 51
1557 51
1558 20
1559 21
1560 51
1561 21
1562 21
1563 51
1564 1
1565 23
1566 21
1567 21
1568 21
1569 35
1570 41
1571 21
1572 21
1573 21
1574 20
1575 41
1576 20
1577 23
1578 29
1579 23
1580 44
1581 41
1582 38
1583 45
1584 20
1585 45
1586 45
1587 45
1588 45
1589 34
1590 23
1591 23
1592 46
1593 20
1594 20
1595 29
1596 45
1597 41
1598 41
1599 41
1600 41
1601 45
1602 6
1603 6
1604 6
1605 45
1606 45
1607 23
1608 45
1609 41
1610 41
1611 6
1612 50
1613 19
1614 6
1615 48
1616 20
1617 47
1618 47
1619 47
1620 47
1621 47
1622 23
1623 48
1624 37
1625 48
1626 48
1627 32
1628 45
1629 48
1630 6
1631 37
1632 49
1633 45
1634 44
1635 52
1636 48
1637 20
1638 45
1639 50
1640 53
1641 49
1642 21
1643 41
1644 79
1645 79
1646 79
1647 50
1648 52
1649 21
1650 20
1651 45
1652 20
1653 49
1654 49
1655 2
1656 79
1657 79
1658 45
1659 46
1660 37
1661 46
1662 79
1663 28
1664 49
1665 51
1666 52
1667 79
1668 41
1669 49
1670 14
1671 41
1672 48
1673 48
1674 3
1675 18
1676 46
1677 48
1678 78
1679 78
1680 49
1681 48
1682 48
1683 78
1684 78
1685 79
1686 78
1687 32
1688 60
1689 41
1690 41
1691 48
1692 47
1693 48
1694 20
1695 21
1696 2
1697 14
1698 20
1699 47
1700 19
1701 20
1702 21
1703 41
1704 78
1705 57
1706 20
1707 21
1708 21
1709 50
1710 20
1711 78
1712 48
1713 82
1714 82
1715 82
1716 82
1717 82
1718 82
1719 82
1720 2
1721 82
1722 20
1723 21
1724 21
1725 20
1726 48
1727 44
1728 48
1729 42
1730 72
1731 82
1732 25
1733 14
1734 41
1735 40
1736 48
1737 20
1738 21
1739 2
1740 73
1741 21
1742 21
1743 50
1744 49
1745 49
1746 2
1747 48
1748 6
1749 20
1750 72
1751 48
1752 21
1753 21
1754 52
1755 78
1756 48
1757 49
1758 83
1759 79
1760 28
1761 48
1762 83
1763 48
1764 48
1765 20
1766 49
1767 32
1768 83
1769 6
1770 7
1771 48
1772 32
1773 71
1774 7
1775 7
1776 19
1777 5
1778 28
1779 49
1780 20
1781 56
1782 20
1783 20
1784 19
1785 72
1786 20
1787 2
1788 48
1789 5
1790 2
1791 2
1792 49
1793 79
1794 20
1795 13
1796 20
1797 35
1798 13
1799 49
1800 52
1801 61
1802 0
1803 20
1804 63
1805 20
1806 63
1807 19
1808 63
1809 47
1810 56
1811 83
1812 65
1813 20
1814 49
1815 65
1816 32
1817 2
1818 20
1819 20
1820 56
1821 56
1822 49
1823 56
1824 20
1825 26
1826 45
1827 76
1828 76
1829 12
1830 52
1831 28
1832 52
1833 65
1834 1
1835 65
1836 83
1837 61
1838 84
1839 84
1840 67
1841 25
1842 84
1843 20
1844 84
1845 61
1846 61
1847 45
1848 0
1849 15
1850 15
1851 76
1852 76
1853 16
1854 16
1855 16
1856 1
1857 1
1858 6
1859 21
1860 23
1861 42
1862 17
1863 23
1864 29
1865 18
1866 22
1867 22
1868 2
1869 2
1870 46
1871 2
1872 2
1873 2
1874 2
1875 30
1876 30
1877 13
1878 2
1879 2
1880 2
1881 2
1882 30
1883 38
1884 38
1885 35
1886 2
1887 2
1888 2
1889 71
1890 42
1891 2
1892 2
1893 2
1894 2
1895 2
1896 2
1897 2
1898 2
1899 2
1900 16
1901 39
1902 2
1903 39
1904 2
1905 30
1906 16
1907 2
1908 2
1909 2
1910 2
1911 42
1912 2
1913 45
1914 2
1915 6
1916 44
1917 2
1918 44
1919 44
1920 44
1921 35
1922 6
1923 2
1924 44
1925 44
1926 44
1927 2
1928 44
1929 44
1930 26
1931 47
1932 47
1933 47
1934 47
1935 47
1936 47
1937 47
1938 47
1939 47
1940 47
1941 47
1942 48
1943 45
1944 49
1945 47
1946 2
1947 6
1948 6
1949 2
1950 42
1951 46
1952 46
1953 45
1954 50
1955 50
1956 45
1957 16
1958 2
1959 2
1960 49
1961 2
1962 18
1963 54
1964 20
1965 5
1966 4
1967 35
1968 21
1969 56
1970 2
1971 56
1972 56
1973 27
1974 56
1975 56
1976 57
1977 57
1978 47
1979 47
1980 56
1981 2
1982 56
1983 56
1984 7
1985 7
1986 7
1987 7
1988 56
1989 7
1990 7
1991 7
1992 7
1993 7
1994 7
1995 7
1996 7
1997 7
1998 7
1999 7
2000 7
2001 47
2002 7
2003 7
2004 57
2005 7
2006 7
2007 47
2008 2
2009 56
2010 30
2011 2
2012 7
2013 7
2014 56
2015 7
2016 7
2017 56
2018 44
2019 56
2020 4
2021 30
2022 2
2023 56
2024 56
2025 54
2026 56
2027 56
2028 47
2029 2
2030 56
2031 47
2032 35
2033 56
2034 48
2035 31
2036 47
2037 63
2038 63
2039 47
2040 56
2041 2
2042 53
2043 47
2044 47
2045 63
2046 63
2047 47
2048 56
2049 56
2050 47
2051 20
2052 47
2053 65
2054 65
2055 65
2056 65
2057 65
2058 65
2059 65
2060 65
2061 65
2062 65
2063 4
2064 56
2065 20
2066 65
2067 63
2068 63
2069 63
2070 45
2071 56
2072 16
2073 69
2074 63
2075 47
2076 76
2077 56
2078 69
2079 56
2080 12
2081 12
2082 12
2083 12
2084 47
2085 12
2086 12
2087 12
2088 56
2089 58
2090 2
2091 47
2092 42
2093 47
2094 69
2095 47
2096 56
2097 69
2098 58
2099 69
2100 69
2101 69
2102 47
2103 69
2104 69
2105 14
2106 15
2107 1
2108 25
2109 15
2110 1
2111 1
2112 1
2113 1
2114 1
2115 1
2116 1
2117 1
2118 19
2119 17
2120 16
2121 19
2122 19
2123 19
2124 19
2125 19
2126 19
2127 17
2128 19
2129 19
2130 19
2131 21
2132 19
2133 19
2134 21
2135 19
2136 19
2137 21
2138 19
2139 16
2140 19
2141 22
2142 1
2143 22
2144 22
2145 19
2146 22
2147 30
2148 20
2149 19
2150 25
2151 19
2152 31
2153 19
2154 19
2155 31
2156 19
2157 19
2158 24
2159 37
2160 15
2161 15
2162 19
2163 19
2164 1
2165 37
2166 41
2167 40
2168 39
2169 41
2170 41
2171 41
2172 41
2173 41
2174 23
2175 19
2176 41
2177 41
2178 41
2179 41
2180 19
2181 55
2182 42
2183 19
2184 24
2185 35
2186 24
2187 77
2188 21
2189 41
2190 41
2191 45
2192 45
2193 41
2194 45
2195 16
2196 41
2197 19
2198 19
2199 19
2200 19
2201 44
2202 44
2203 44
2204 44
2205 50
2206 5
2207 6
2208 47
2209 47
2210 41
2211 48
2212 40
2213 48
2214 49
2215 32
2216 41
2217 41
2218 41
2219 41
2220 41
2221 37
2222 48
2223 41
2224 41
2225 52
2226 19
2227 41
2228 41
2229 41
2230 41
2231 41
2232 41
2233 41
2234 41
2235 45
2236 41
2237 41
2238 41
2239 14
2240 47
2241 19
2242 41
2243 41
2244 41
2245 41
2246 11
2247 11
2248 11
2249 11
2250 41
2251 11
2252 19
2253 46
2254 41
2255 41
2256 5
2257 41
2258 41
2259 16
2260 41
2261 41
2262 41
2263 41
2264 41
2265 41
2266 41
2267 41
2268 41
2269 41
2270 41
2271 41
2272 41
2273 41
2274 30
2275 41
2276 41
2277 41
2278 79
2279 22
2280 41
2281 41
2282 52
2283 41
2284 41
2285 41
2286 41
2287 1
2288 37
2289 41
2290 41
2291 50
2292 79
2293 41
2294 1
2295 19
2296 41
2297 32
2298 48
2299 19
2300 41
2301 41
2302 41
2303 41
2304 41
2305 41
2306 41
2307 41
2308 78
2309 1
2310 41
2311 41
2312 41
2313 41
2314 41
2315 41
2316 20
2317 41
2318 41
2319 19
2320 41
2321 41
2322 32
2323 20
2324 41
2325 41
2326 41
2327 18
2328 30
2329 41
2330 52
2331 78
2332 41
2333 78
2334 50
2335 39
2336 41
2337 41
2338 13
2339 19
2340 41
2341 41
2342 56
2343 55
2344 41
2345 41
2346 41
2347 41
2348 57
2349 57
2350 57
2351 55
2352 44
2353 56
2354 41
2355 48
2356 57
2357 32
2358 57
2359 57
2360 48
2361 30
2362 50
2363 41
2364 41
2365 50
2366 41
2367 41
2368 19
2369 19
2370 41
2371 41
2372 48
2373 53
2374 57
2375 32
2376 41
2377 56
2378 78
2379 41
2380 79
2381 56
2382 41
2383 41
2384 41
2385 19
2386 41
2387 41
2388 41
2389 41
2390 41
2391 41
2392 41
2393 52
2394 41
2395 41
2396 41
2397 78
2398 41
2399 41
2400 50
2401 41
2402 41
2403 41
2404 19
2405 41
2406 78
2407 41
2408 24
2409 41
2410 78
2411 41
2412 78
2413 41
2414 37
2415 5
2416 52
2417 79
2418 41
2419 52
2420 78
2421 78
2422 5
2423 20
2424 53
2425 5
2426 56
2427 31
2428 41
2429 41
2430 41
2431 41
2432 19
2433 41
2434 80
2435 16
2436 78
2437 41
2438 41
2439 41
2440 41
2441 80
2442 56
2443 41
2444 41
2445 17
2446 41
2447 48
2448 41
2449 41
2450 41
2451 79
2452 41
2453 41
2454 58
2455 48
2456 5
2457 1
2458 20
2459 41
2460 59
2461 20
2462 63
2463 59
2464 48
2465 41
2466 80
2467 19
2468 56
2469 77
2470 65
2471 41
2472 29
2473 20
2474 65
2475 65
2476 41
2477 56
2478 65
2479 41
2480 19
2481 63
2482 32
2483 65
2484 65
2485 19
2486 78
2487 41
2488 56
2489 41
2490 63
2491 56
2492 74
2493 41
2494 41
2495 79
2496 41
2497 27
2498 56
2499 19
2500 32
2501 25
2502 63
2503 79
2504 23
2505 16
2506 37
2507 24
2508 44
2509 34
2510 34
2511 22
2512 85
2513 76
2514 22
2515 22
2516 30
2517 22
2518 7
2519 1
2520 21
2521 17
2522 21
2523 21
2524 21
2525 21
2526 21
2527 21
2528 21
2529 21
2530 21
2531 1
2532 21
2533 21
2534 21
2535 21
2536 21
2537 21
2538 21
2539 21
2540 21
2541 28
2542 21
2543 21
2544 23
2545 17
2546 21
2547 21
2548 22
2549 21
2550 23
2551 23
2552 17
2553 22
2554 21
2555 21
2556 32
2557 21
2558 32
2559 32
2560 22
2561 60
2562 20
2563 20
2564 20
2565 21
2566 22
2567 22
2568 22
2569 22
2570 24
2571 22
2572 22
2573 31
2574 21
2575 32
2576 22
2577 22
2578 24
2579 32
2580 24
2581 22
2582 31
2583 32
2584 22
2585 22
2586 32
2587 21
2588 22
2589 31
2590 31
2591 31
2592 31
2593 24
2594 24
2595 22
2596 22
2597 24
2598 20
2599 31
2600 22
2601 24
2602 16
2603 31
2604 31
2605 31
2606 32
2607 21
2608 21
2609 17
2610 31
2611 24
2612 31
2613 22
2614 2
2615 2
2616 23
2617 22
2618 24
2619 31
2620 34
2621 37
2622 37
2623 24
2624 24
2625 32
2626 37
2627 37
2628 37
2629 37
2630 37
2631 37
2632 37
2633 37
2634 22
2635 22
2636 37
2637 23
2638 37
2639 37
2640 37
2641 22
2642 22
2643 21
2644 21
2645 21
2646 37
2647 37
2648 37
2649 24
2650 21
2651 35
2652 23
2653 24
2654 22
2655 2
2656 37
2657 22
2658 39
2659 39
2660 22
2661 39
2662 39
2663 23
2664 22
2665 22
2666 32
2667 24
2668 22
2669 22
2670 39
2671 22
2672 37
2673 24
2674 41
2675 23
2676 37
2677 22
2678 22
2679 55
2680 16
2681 32
2682 22
2683 41
2684 55
2685 22
2686 22
2687 22
2688 17
2689 32
2690 55
2691 22
2692 23
2693 37
2694 24
2695 22
2696 24
2697 35
2698 22
2699 37
2700 37
2701 37
2702 31
2703 42
2704 23
2705 22
2706 32
2707 38
2708 41
2709 37
2710 24
2711 6
2712 6
2713 55
2714 37
2715 6
2716 47
2717 22
2718 37
2719 37
2720 37
2721 47
2722 35
2723 6
2724 41
2725 37
2726 41
2727 22
2728 22
2729 6
2730 22
2731 41
2732 41
2733 24
2734 32
2735 32
2736 37
2737 32
2738 22
2739 41
2740 41
2741 41
2742 41
2743 32
2744 50
2745 22
2746 41
2747 13
2748 41
2749 22
2750 37
2751 37
2752 22
2753 41
2754 47
2755 3
2756 22
2757 22
2758 22
2759 3
2760 3
2761 41
2762 6
2763 41
2764 41
2765 22
2766 6
2767 41
2768 41
2769 3
2770 3
2771 41
2772 6
2773 6
2774 22
2775 41
2776 50
2777 6
2778 41
2779 14
2780 37
2781 21
2782 78
2783 50
2784 21
2785 42
2786 32
2787 41
2788 34
2789 4
2790 4
2791 4
2792 4
2793 4
2794 4
2795 4
2796 37
2797 4
2798 4
2799 4
2800 22
2801 21
2802 4
2803 41
2804 55
2805 50
2806 4
2807 4
2808 41
2809 4
2810 41
2811 41
2812 4
2813 4
2814 78
2815 41
2816 37
2817 41
2818 39
2819 41
2820 6
2821 34
2822 41
2823 80
2824 28
2825 4
2826 41
2827 32
2828 60
2829 39
2830 41
2831 22
2832 37
2833 41
2834 22
2835 41
2836 22
2837 46
2838 19
2839 22
2840 37
2841 41
2842 22
2843 22
2844 5
2845 82
2846 41
2847 4
2848 4
2849 41
2850 22
2851 55
2852 55
2853 41
2854 58
2855 57
2856 22
2857 4
2858 14
2859 41
2860 41
2861 41
2862 41
2863 22
2864 78
2865 37
2866 31
2867 22
2868 22
2869 4
2870 80
2871 80
2872 78
2873 50
2874 41
2875 80
2876 22
2877 70
2878 22
2879 73
2880 22
2881 58
2882 73
2883 4
2884 73
2885 5
2886 82
2887 24
2888 58
2889 22
2890 73
2891 73
2892 58
2893 4
2894 46
2895 41
2896 31
2897 59
2898 41
2899 78
2900 41
2901 22
2902 73
2903 37
2904 37
2905 85
2906 85
2907 85
2908 85
2909 58
2910 22
2911 4
2912 37
2913 20
2914 58
2915 32
2916 72
2917 37
2918 22
2919 73
2920 4
2921 37
2922 50
2923 82
2924 58
2925 59
2926 4
2927 37
2928 65
2929 65
2930 65
2931 65
2932 65
2933 65
2934 65
2935 65
2936 65
2937 65
2938 58
2939 65
2940 65
2941 65
2942 65
2943 65
2944 65
2945 65
2946 66
2947 66
2948 66
2949 66
2950 66
2951 58
2952 80
2953 66
2954 37
2955 65
2956 65
2957 78
2958 66
2959 65
2960 65
2961 65
2962 65
2963 46
2964 65
2965 65
2966 65
2967 65
2968 65
2969 65
2970 37
2971 41
2972 50
2973 60
2974 58
2975 37
2976 63
2977 65
2978 5
2979 7
2980 7
2981 4
2982 50
2983 8
2984 8
2985 4
2986 8
2987 76
2988 80
2989 13
2990 1
2991 1
2992 17
2993 17
2994 22
2995 31
2996 46
2997 22
2998 31
2999 24
3000 22
3001 38
3002 38
3003 35
3004 24
3005 22
3006 22
3007 51
3008 39
3009 51
3010 22
3011 23
3012 35
3013 24
3014 18
3015 48
3016 17
3017 48
3018 48
3019 48
3020 16
3021 16
3022 52
3023 50
3024 78
3025 16
3026 51
3027 17
3028 16
3029 47
3030 35
3031 32
3032 41
3033 41
3034 86
3035 56
3036 56
3037 56
3038 41
3039 41
3040 41
3041 56
3042 41
3043 56
3044 28
3045 41
3046 34
3047 34
3048 41
3049 34
3050 34
3051 34
3052 34
3053 41
3054 34
3055 30
3056 16
3057 41
3058 50
3059 68
3060 51
3061 35
3062 7
3063 7
3064 5
3065 34
3066 56
3067 38
3068 79
3069 34
3070 41
3071 63
3072 4
3073 70
3074 49
3075 5
3076 45
3077 16
3078 67
3079 45
3080 48
3081 48
3082 5
3083 54
3084 7
3085 7
3086 63
3087 73
3088 73
3089 84
3090 1
3091 1
3092 1
3093 1
3094 1
3095 1
3096 1
3097 15
3098 15
3099 15
3100 15
3101 13
3102 1
3103 16
3104 21
3105 13
3106 15
3107 32
3108 21
3109 22
3110 35
3111 17
3112 22
3113 32
3114 22
3115 22
3116 39
3117 2
3118 24
3119 24
3120 1
3121 5
3122 5
3123 6
3124 17
3125 6
3126 1
3127 47
3128 35
3129 26
3130 47
3131 17
3132 34
3133 56
3134 34
3135 34
3136 7
3137 37
3138 10
3139 10
3140 10
3141 65
3142 76
3143 76
3144 76
3145 15
3146 13
3147 15
3148 1
3149 1
3150 1
3151 1
3152 1
3153 60
3154 60
3155 1
3156 17
3157 23
3158 60
3159 13
3160 17
3161 22
3162 17
3163 60
3164 17
3165 23
3166 17
3167 31
3168 60
3169 31
3170 31
3171 17
3172 32
3173 24
3174 22
3175 37
3176 60
3177 60
3178 17
3179 37
3180 60
3181 60
3182 17
3183 60
3184 60
3185 17
3186 60
3187 60
3188 60
3189 77
3190 77
3191 77
3192 39
3193 39
3194 39
3195 17
3196 17
3197 22
3198 60
3199 35
3200 35
3201 17
3202 22
3203 60
3204 41
3205 17
3206 60
3207 55
3208 28
3209 17
3210 60
3211 35
3212 60
3213 22
3214 60
3215 17
3216 5
3217 35
3218 60
3219 5
3220 6
3221 60
3222 60
3223 5
3224 5
3225 41
3226 41
3227 41
3228 5
3229 60
3230 47
3231 5
3232 47
3233 60
3234 37
3235 35
3236 26
3237 31
3238 53
3239 31
3240 35
3241 22
3242 35
3243 51
3244 35
3245 86
3246 50
3247 80
3248 35
3249 50
3250 50
3251 50
3252 60
3253 86
3254 14
3255 17
3256 4
3257 14
3258 14
3259 22
3260 86
3261 24
3262 18
3263 14
3264 14
3265 78
3266 60
3267 22
3268 30
3269 22
3270 14
3271 35
3272 34
3273 78
3274 39
3275 39
3276 54
3277 60
3278 78
3279 86
3280 86
3281 14
3282 31
3283 17
3284 14
3285 39
3286 34
3287 1
3288 78
3289 5
3290 60
3291 13
3292 22
3293 78
3294 50
3295 31
3296 35
3297 28
3298 73
3299 1
3300 1
3301 17
3302 73
3303 22
3304 73
3305 73
3306 59
3307 73
3308 13
3309 73
3310 73
3311 13
3312 73
3313 13
3314 73
3315 73
3316 13
3317 5
3318 5
3319 73
3320 73
3321 31
3322 73
3323 61
3324 73
3325 73
3326 22
3327 37
3328 73
3329 73
3330 73
3331 10
3332 50
3333 50
3334 73
3335 68
3336 34
3337 73
3338 73
3339 73
3340 59
3341 73
3342 73
3343 73
3344 73
3345 73
3346 73
3347 73
3348 22
3349 73
3350 73
3351 73
3352 9
3353 74
3354 73
3355 80
3356 66
3357 73
3358 34
3359 74
3360 34
3361 66
3362 4
3363 70
3364 74
3365 74
3366 74
3367 74
3368 17
3369 73
3370 74
3371 69
3372 22
3373 22
3374 78
3375 22
3376 34
3377 50
3378 24
3379 50
3380 14
3381 41
3382 39
3383 41
3384 41
3385 5
3386 41
3387 14
3388 39
3389 14
3390 55
3391 14
3392 44
3393 30
3394 72
3395 50
3396 55
3397 14
3398 54
3399 39
3400 14
3401 22
3402 39
3403 5
3404 52
3405 14
3406 50
3407 14
3408 14
3409 50
3410 14
3411 14
3412 39
3413 50
3414 39
3415 14
3416 10
3417 10
3418 50
3419 55
3420 73
3421 50
3422 50
3423 32
3424 66
3425 50
3426 50
3427 66
3428 10
3429 74
3430 10
3431 75
3432 75
3433 75
3434 21
3435 29
3436 31
3437 31
3438 31
3439 30
3440 31
3441 31
3442 31
3443 31
3444 41
3445 31
3446 41
3447 31
3448 31
3449 31
3450 31
3451 31
3452 31
3453 31
3454 31
3455 31
3456 31
3457 29
3458 31
3459 31
3460 31
3461 31
3462 31
3463 31
3464 31
3465 31
3466 31
3467 31
3468 31
3469 47
3470 6
3471 47
3472 26
3473 41
3474 31
3475 31
3476 41
3477 31
3478 41
3479 31
3480 47
3481 57
3482 57
3483 57
3484 57
3485 57
3486 41
3487 31
3488 31
3489 10
3490 10
3491 20
3492 73
3493 72
3494 63
3495 50
3496 62
3497 19
3498 4
3499 70
3500 62
3501 62
3502 59
3503 29
3504 15
3505 29
3506 29
3507 29
3508 29
3509 29
3510 71
3511 35
3512 31
3513 48
3514 48
3515 48
3516 53
3517 53
3518 6
3519 6
3520 6
3521 6
3522 44
3523 28
3524 78
3525 17
3526 44
3527 32
3528 25
3529 48
3530 48
3531 7
3532 9
3533 48
3534 62
3535 62
3536 62
3537 17
3538 16
3539 32
3540 1
3541 17
3542 1
3543 17
3544 1
3545 18
3546 1
3547 34
3548 21
3549 17
3550 17
3551 1
3552 2
3553 17
3554 34
3555 2
3556 41
3557 17
3558 17
3559 5
3560 26
3561 50
3562 50
3563 26
3564 48
3565 48
3566 41
3567 26
3568 40
3569 5
3570 22
3571 48
3572 14
3573 6
3574 22
3575 52
3576 17
3577 22
3578 26
3579 3
3580 1
3581 38
3582 6
3583 52
3584 17
3585 34
3586 28
3587 28
3588 56
3589 56
3590 48
3591 6
3592 17
3593 50
3594 73
3595 13
3596 73
3597 73
3598 17
3599 7
3600 7
3601 1
3602 13
3603 47
3604 3
3605 9
3606 72
3607 70
3608 53
3609 17
3610 9
3611 17
3612 17
3613 17
3614 56
3615 40
3616 63
3617 17
3618 34
3619 17
3620 70
3621 0
3622 0
3623 0
3624 21
3625 15
3626 51
3627 5
3628 5
3629 5
3630 44
3631 5
3632 24
3633 6
3634 6
3635 6
3636 21
3637 6
3638 6
3639 22
3640 6
3641 6
3642 6
3643 50
3644 50
3645 5
3646 48
3647 50
3648 31
3649 47
3650 15
3651 51
3652 13
3653 6
3654 6
3655 6
3656 5
3657 37
3658 50
3659 18
3660 6
3661 6
3662 13
3663 45
3664 37
3665 6
3666 6
3667 80
3668 6
3669 18
3670 32
3671 6
3672 5
3673 6
3674 6
3675 18
3676 18
3677 18
3678 6
3679 3
3680 6
3681 42
3682 50
3683 54
3684 34
3685 52
3686 22
3687 52
3688 50
3689 6
3690 6
3691 47
3692 52
3693 55
3694 41
3695 41
3696 32
3697 21
3698 55
3699 5
3700 14
3701 57
3702 57
3703 80
3704 28
3705 4
3706 82
3707 82
3708 47
3709 82
3710 82
3711 4
3712 60
3713 22
3714 37
3715 82
3716 35
3717 7
3718 5
3719 4
3720 9
3721 6
3722 9
3723 7
3724 56
3725 7
3726 7
3727 4
3728 73
3729 73
3730 29
3731 73
3732 5
3733 72
3734 72
3735 73
3736 5
3737 59
3738 28
3739 68
3740 52
3741 62
3742 62
3743 7
3744 62
3745 62
3746 62
3747 53
3748 56
3749 63
3750 62
3751 83
3752 62
3753 62
3754 62
3755 62
3756 62
3757 62
3758 65
3759 4
3760 31
3761 62
3762 70
3763 66
3764 63
3765 35
3766 31
3767 74
3768 63
3769 62
3770 74
3771 63
3772 4
3773 70
3774 69
3775 28
3776 2
3777 83
3778 56
3779 20
3780 72
3781 73
3782 46
3783 47
3784 46
3785 51
3786 58
3787 24
3788 38
3789 32
3790 39
3791 39
3792 32
3793 32
3794 26
3795 35
3796 26
3797 38
3798 34
3799 38
3800 26
3801 49
3802 21
3803 51
3804 38
3805 14
3806 22
3807 53
3808 21
3809 79
3810 26
3811 48
3812 26
3813 30
3814 26
3815 46
3816 52
3817 42
3818 19
3819 3
3820 3
3821 3
3822 54
3823 5
3824 54
3825 54
3826 54
3827 54
3828 48
3829 54
3830 54
3831 54
3832 34
3833 30
3834 37
3835 54
3836 16
3837 16
3838 14
3839 1
3840 14
3841 48
3842 16
3843 16
3844 38
3845 26
3846 16
3847 30
3848 26
3849 16
3850 1
3851 38
3852 16
3853 26
3854 16
3855 38
3856 53
3857 38
3858 14
3859 16
3860 28
3861 44
3862 16
3863 16
3864 34
3865 16
3866 16
3867 56
3868 16
3869 38
3870 16
3871 28
3872 16
3873 54
3874 26
3875 47
3876 26
3877 82
3878 1
3879 38
3880 38
3881 16
3882 72
3883 72
3884 72
3885 4
3886 38
3887 72
3888 37
3889 17
3890 72
3891 6
3892 56
3893 16
3894 1
3895 9
3896 16
3897 9
3898 16
3899 78
3900 5
3901 72
3902 72
3903 56
3904 57
3905 3
3906 57
3907 2
3908 57
3909 41
3910 55
3911 16
3912 72
3913 16
3914 16
3915 38
3916 16
3917 26
3918 16
3919 38
3920 44
3921 16
3922 1
3923 38
3924 73
3925 19
3926 38
3927 26
3928 16
3929 26
3930 46
3931 46
3932 72
3933 3
3934 3
3935 59
3936 3
3937 59
3938 59
3939 26
3940 16
3941 26
3942 72
3943 26
3944 54
3945 72
3946 38
3947 50
3948 38
3949 16
3950 63
3951 63
3952 10
3953 61
3954 67
3955 38
3956 16
3957 16
3958 38
3959 16
3960 64
3961 34
3962 56
3963 65
3964 1
3965 65
3966 63
3967 67
3968 16
3969 13
3970 58
3971 56
3972 74
3973 64
3974 58
3975 74
3976 67
3977 26
3978 16
3979 81
3980 65
3981 64
3982 64
3983 16
3984 64
3985 65
3986 64
3987 81
3988 37
3989 54
3990 16
3991 65
3992 63
3993 16
3994 84
3995 38
3996 9
3997 1
3998 30
3999 54
4000 22
4001 54
4002 22
4003 5
4004 54
4005 54
4006 37
4007 28
4008 28
4009 6
4010 57
4011 57
4012 22
4013 28
4014 22
4015 35
4016 41
4017 19
4018 72
4019 22
4020 5
4021 5
4022 32
4023 35
4024 22
4025 6
4026 6
4027 6
4028 6
4029 6
4030 50
4031 6
4032 32
4033 6
4034 5
4035 5
4036 24
4037 47
4038 37
4039 50
4040 50
4041 37
4042 73
4043 73
4044 44
4045 6
4046 5
4047 73
4048 44
4049 53
4050 22
4051 73
4052 55
4053 5
4054 34
4055 19
4056 53
4057 31
4058 46
4059 31
4060 22
4061 73
4062 73
4063 5
4064 54
4065 22
4066 73
4067 47
4068 34
4069 35
4070 67
4071 73
4072 82
4073 50
4074 50
4075 13
4076 50
4077 22
4078 67
4079 37
4080 22
4081 34
4082 40
4083 73
4084 29
4085 65
4086 66
4087 73
4088 9
4089 54
4090 14
4091 65
4092 67
4093 67
4094 67
4095 67
4096 67
4097 5
4098 22
4099 67
4100 67
4101 40
4102 22
4103 75
4104 75
4105 53
4106 73
4107 70
4108 5
4109 70
4110 30
4111 5
4112 4
4113 5
4114 53
4115 10
4116 10
4117 10
4118 10
4119 72
4120 2
4121 66
4122 10
4123 66
4124 70
4125 70
4126 70
4127 12
4128 1
4129 1
4130 1
4131 10
4132 10
4133 10
4134 10
4135 10
4136 10
4137 10
4138 10
4139 10
4140 10
4141 10
4142 10
4143 15
4144 15
4145 0
4146 0
4147 21
4148 16
4149 20
4150 23
4151 22
4152 63
4153 52
4154 42
4155 53
4156 1
4157 8
4158 87
4159 87
4160 31
4161 12
4162 31
4163 3
4164 65
4165 66
4166 6
4167 80
4168 3
4169 7
4170 66
4171 14
4172 88
4173 7
4174 70
4175 8
4176 8
4177 89
4178 3
4179 74
4180 90
4181 2
4182 2
4183 2
4184 10
4185 73
4186 74
4187 54
4188 73
4189 78
4190 73
4191 73
4192 22
4193 75
4194 75
4195 75
4196 80
4197 74
4198 74
4199 75
4200 59
4201 37
4202 74
4203 75
4204 37
4205 66
4206 63
4207 46
4208 75
4209 71
4210 22
4211 71
4212 58
4213 71
4214 37
4215 73
4216 60
4217 22
4218 86
4219 29
4220 37
4221 76
4222 67
4223 65
4224 2
4225 10
4226 10
4227 10
4228 2
4229 10
4230 61
4231 58
4232 10
4233 66
4234 12
4235 84
4236 12
4237 66
4238 19
4239 91
4240 1
4241 49
4242 61
4243 10
4244 10
4245 22
4246 61
4247 61
4248 65
4249 12
4250 7
4251 92
4252 2
4253 3
4254 12
4255 12
4256 2
4257 84
4258 25
4259 12
4260 12
4261 12
4262 12
4263 10
4264 71
4265 3
4266 3
4267 65
4268 12
4269 2
4270 88
4271 88
4272 55
4273 1
4274 14
4275 8
4276 30
4277 30
4278 65
4279 1
4280 3
4281 47
4282 10
4283 8
4284 12
4285 41
4286 61
4287 93
4288 93
4289 93
4290 93
4291 93
4292 93
4293 93
4294 93
4295 10
4296 93
4297 93
4298 93
4299 93
4300 3
4301 12
4302 12
4303 93
4304 91
4305 21
4306 93
4307 26
4308 93
4309 93
4310 93
4311 1
4312 12
4313 90
4314 12
4315 66
4316 90
4317 93
4318 65
4319 43
4320 90
4321 90
4322 57
4323 43
4324 93
4325 93
4326 66
4327 90
4328 93
4329 49
4330 49
4331 21
4332 91
4333 43
4334 40
4335 43
4336 93
4337 93
4338 43
4339 30
4340 57
4341 43
4342 43
4343 57
4344 26
4345 26
4346 66
4347 36
4348 58
4349 81
4350 2
4351 61
4352 74
4353 81
4354 74
4355 74
4356 58
4357 45
4358 26
4359 45
4360 55
4361 93
4362 26
4363 66
4364 1
4365 87
4366 19
4367 87
4368 65
4369 45
4370 8
4371 40
4372 7
4373 7
4374 70
4375 45
4376 45
4377 14
4378 12
4379 13
4380 43
4381 43
4382 45
4383 7
4384 64
4385 54
4386 60
4387 45
4388 43
4389 37
4390 43
4391 14
4392 2
4393 45
4394 14
4395 37
4396 40
4397 14
4398 45
4399 45
4400 40
4401 76
4402 62
4403 6
4404 76
4405 76
4406 81
4407 62
4408 91
4409 84
4410 66
4411 66
4412 66
4413 45
4414 25
4415 62
4416 62
4417 62
4418 35
4419 7
4420 74
4421 74
4422 64
4423 9
4424 76
4425 7
4426 16
4427 3
4428 2
4429 65
4430 65
4431 17
4432 35
4433 77
4434 7
4435 65
4436 42
4437 12
4438 76
4439 59
4440 74
4441 35
4442 81
4443 78
4444 70
4445 94
4446 84
4447 92
4448 89
4449 22
4450 89
4451 9
4452 94
4453 62
4454 76
4455 7
4456 89
4457 5
4458 35
4459 62
4460 3
4461 91
4462 22
4463 22
4464 90
4465 19
4466 81
4467 93
4468 93
4469 70
4470 12
4471 53
4472 0
4473 70
4474 77
4475 91
4476 71
4477 71
4478 71
4479 12
4480 12
4481 53
4482 84
4483 92
4484 19
4485 84
4486 53
4487 65
4488 77
4489 14
4490 93
4491 43
4492 43
4493 43
4494 71
4495 12
4496 77
4497 84
4498 10
4499 74
4500 12
4501 60
4502 28
4503 87
4504 12
4505 91
4506 2
4507 44
4508 27
4509 95
4510 45
4511 41
4512 49
4513 67
4514 23
4515 24
4516 89
4517 93
4518 41
4519 93
4520 93
4521 93
4522 93
4523 93
4524 93
4525 93
4526 93
4527 93
4528 93
4529 93
4530 93
4531 91
4532 93
4533 93
4534 93
4535 43
4536 43
4537 65
4538 43
4539 93
4540 40
4541 43
4542 76
4543 93
4544 32
4545 3
4546 69
4547 8
4548 79
4549 91
4550 76
4551 91
4552 76
4553 49
4554 3
4555 21
4556 49
4557 21
4558 49
4559 47
4560 45
4561 56
4562 63
4563 45
4564 29
4565 76
4566 45
4567 32
4568 65
4569 65
4570 65
4571 20
4572 41
4573 89
4574 92
4575 8
4576 21
4577 59
4578 8
4579 12
4580 19
4581 89
4582 89
4583 12
4584 37
4585 7
4586 12
4587 41
4588 7
4589 5
4590 2
4591 49
4592 5
4593 41
4594 76
4595 2
4596 12
4597 5
4598 41
4599 49
4600 49
4601 20
4602 65
4603 41
4604 92
4605 63
4606 21
4607 21
4608 21
4609 41
4610 19
4611 41
4612 65
4613 70
4614 76
4615 65
4616 70
4617 12
4618 43
4619 65
4620 2
4621 21
4622 76
4623 21
4624 6
4625 65
4626 35
4627 65
4628 64
4629 94
4630 76
4631 49
4632 27
4633 90
4634 77
4635 21
4636 21
4637 16
4638 63
4639 87
4640 49
4641 81
4642 21
4643 34
4644 63
4645 95
4646 35
4647 63
4648 63
4649 47
4650 25
4651 76
4652 63
4653 49
4654 69
4655 2
4656 7
4657 47
4658 47
4659 16
4660 7
4661 47
4662 79
4663 16
4664 47
4665 25
4666 2
4667 56
4668 56
4669 56
4670 69
4671 63
4672 63
4673 63
4674 63
4675 63
4676 7
4677 63
4678 56
4679 47
4680 74
4681 41
4682 56
4683 47
4684 56
4685 47
4686 62
4687 16
4688 74
4689 5
4690 63
4691 43
4692 8
4693 63
4694 47
4695 47
4696 44
4697 47
4698 47
4699 65
4700 2
4701 47
4702 40
4703 56
4704 47
4705 56
4706 2
4707 90
4708 35
4709 63
4710 47
4711 90
4712 7
4713 7
4714 56
4715 43
4716 72
4717 54
4718 83
4719 43
4720 43
4721 44
4722 44
4723 37
4724 83
4725 47
4726 7
4727 66
4728 45
4729 2
4730 82
4731 56
4732 41
4733 65
4734 41
4735 63
4736 41
4737 41
4738 41
4739 20
4740 19
4741 41
4742 63
4743 41
4744 10
4745 41
4746 45
4747 92
4748 92
4749 46
4750 41
4751 41
4752 74
4753 56
4754 41
4755 41
4756 41
4757 66
4758 92
4759 30
4760 37
4761 74
4762 92
4763 92
4764 74
4765 92
4766 71
4767 74
4768 50
4769 41
4770 41
4771 62
4772 41
4773 25
4774 41
4775 32
4776 63
4777 19
4778 78
4779 48
4780 41
4781 48
4782 5
4783 66
4784 89
4785 41
4786 32
4787 25
4788 56
4789 66
4790 19
4791 92
4792 32
4793 41
4794 81
4795 94
4796 4
4797 32
4798 52
4799 63
4800 32
4801 32
4802 8
4803 92
4804 40
4805 19
4806 41
4807 16
4808 78
4809 40
4810 87
4811 32
4812 19
4813 32
4814 27
4815 50
4816 50
4817 22
4818 34
4819 22
4820 14
4821 7
4822 64
4823 31
4824 8
4825 16
4826 70
4827 94
4828 64
4829 88
4830 4
4831 22
4832 65
4833 66
4834 60
4835 82
4836 82
4837 8
4838 46
4839 16
4840 8
4841 39
4842 66
4843 88
4844 88
4845 88
4846 88
4847 88
4848 32
4849 88
4850 88
4851 88
4852 88
4853 88
4854 88
4855 88
4856 88
4857 88
4858 88
4859 88
4860 22
4861 88
4862 37
4863 55
4864 66
4865 74
4866 55
4867 66
4868 50
4869 8
4870 39
4871 66
4872 66
4873 81
4874 16
4875 37
4876 42
4877 8
4878 50
4879 58
4880 81
4881 8
4882 80
4883 88
4884 5
4885 5
4886 16
4887 66
4888 81
4889 88
4890 78
4891 64
4892 66
4893 80
4894 80
4895 70
4896 3
4897 65
4898 78
4899 82
4900 82
4901 5
4902 37
4903 66
4904 74
4905 37
4906 94
4907 94
4908 22
4909 94
4910 58
4911 66
4912 80
4913 68
4914 94
4915 81
4916 82
4917 39
4918 88
4919 88
4920 3
4921 37
4922 37
4923 41
4924 55
4925 37
4926 41
4927 66
4928 90
4929 66
4930 66
4931 62
4932 37
4933 64
4934 55
4935 39
4936 66
4937 8
4938 74
4939 82
4940 96
4941 39
4942 66
4943 66
4944 88
4945 88
4946 66
4947 88
4948 4
4949 88
4950 94
4951 66
4952 74
4953 22
4954 58
4955 66
4956 8
4957 96
4958 96
4959 65
4960 66
4961 65
4962 37
4963 31
4964 74
4965 74
4966 73
4967 92
4968 75
4969 65
4970 46
4971 46
4972 46
4973 92
4974 58
4975 27
4976 65
4977 90
4978 92
4979 43
4980 92
4981 8
4982 8
4983 66
4984 84
4985 79
4986 7
4987 82
4988 31
4989 60
4990 8
4991 14
4992 66
4993 6
4994 50
4995 17
4996 6
4997 70
4998 89
4999 60
5000 73
5001 61
5002 60
5003 74
5004 13
5005 3
5006 22
5007 80
5008 51
5009 89
5010 74
5011 60
5012 71
5013 89
5014 71
5015 35
5016 89
5017 9
5018 74
5019 22
5020 60
5021 41
5022 66
5023 50
5024 89
5025 19
5026 50
5027 41
5028 73
5029 17
5030 8
5031 78
5032 60
5033 73
5034 22
5035 89
5036 60
5037 73
5038 73
5039 59
5040 74
5041 74
5042 89
5043 26
5044 86
5045 39
5046 74
5047 65
5048 60
5049 14
5050 60
5051 10
5052 69
5053 88
5054 75
5055 39
5056 74
5057 8
5058 52
5059 39
5060 14
5061 39
5062 57
5063 50
5064 39
5065 55
5066 55
5067 14
5068 14
5069 96
5070 14
5071 50
5072 55
5073 31
5074 69
5075 31
5076 31
5077 31
5078 41
5079 31
5080 31
5081 31
5082 93
5083 93
5084 93
5085 31
5086 31
5087 41
5088 31
5089 8
5090 25
5091 88
5092 48
5093 48
5094 48
5095 48
5096 12
5097 83
5098 48
5099 48
5100 21
5101 41
5102 17
5103 17
5104 63
5105 43
5106 43
5107 43
5108 43
5109 8
5110 43
5111 43
5112 43
5113 8
5114 12
5115 17
5116 59
5117 62
5118 91
5119 91
5120 91
5121 91
5122 91
5123 91
5124 91
5125 91
5126 91
5127 91
5128 64
5129 5
5130 88
5131 88
5132 46
5133 62
5134 91
5135 81
5136 5
5137 62
5138 66
5139 62
5140 70
5141 21
5142 5
5143 8
5144 62
5145 5
5146 5
5147 62
5148 88
5149 43
5150 97
5151 43
5152 5
5153 5
5154 76
5155 43
5156 43
5157 43
5158 6
5159 21
5160 91
5161 93
5162 93
5163 7
5164 8
5165 62
5166 59
5167 2
5168 91
5169 91
5170 75
5171 41
5172 12
5173 44
5174 8
5175 43
5176 66
5177 74
5178 74
5179 28
5180 91
5181 75
5182 75
5183 75
5184 73
5185 73
5186 55
5187 67
5188 22
5189 75
5190 50
5191 12
5192 78
5193 8
5194 22
5195 94
5196 65
5197 80
5198 58
5199 22
5200 30
5201 86
5202 22
5203 17
5204 19
5205 16
5206 75
5207 17
5208 91
5209 91
5210 91
5211 12
5212 12
5213 19
5214 66
5215 12
5216 19
5217 92
5218 41
5219 21
5220 88
5221 16
5222 26
5223 54
5224 26
5225 73
5226 63
5227 12
5228 34
5229 71
5230 2
5231 12
5232 26
5233 56
5234 51
5235 12
5236 46
5237 16
5238 12
5239 1
5240 39
5241 63
5242 57
5243 37
5244 36
5245 38
5246 9
5247 58
5248 21
5249 78
5250 12
5251 12
5252 78
5253 43
5254 43
5255 66
5256 43
5257 74
5258 16
5259 66
5260 43
5261 43
5262 43
5263 12
5264 45
5265 71
5266 43
5267 91
5268 26
5269 43
5270 54
5271 12
5272 43
5273 43
5274 91
5275 43
5276 62
5277 16
5278 91
5279 8
5280 81
5281 8
5282 91
5283 90
5284 97
5285 90
5286 70
5287 10
5288 70
5289 70
5290 70
5291 12
5292 50
5293 70
5294 10
5295 12
5296 12
5297 12
5298 41
5299 12
5300 92
5301 26
5302 91
5303 74
5304 83
5305 64
5306 74
5307 82
5308 74
5309 19
5310 40
5311 1
5312 74
5313 74
5314 8
5315 7
5316 63
5317 83
5318 38
5319 74
5320 74
5321 74
5322 45
5323 74
5324 12
5325 74
5326 9
5327 15
5328 83
5329 34
5330 34
5331 84
5332 98
5333 74
5334 65
5335 88
5336 65
5337 65
5338 66
5339 65
5340 65
5341 89
5342 89
5343 65
5344 9
5345 70
5346 57
5347 46
5348 46
5349 31
5350 31
5351 39
5352 66
5353 58
5354 66
5355 69
5356 60
5357 74
5358 71
5359 8
5360 56
5361 79
5362 38
5363 74
5364 93
5365 40
5366 56
5367 21
5368 50
5369 34
5370 98
5371 26
5372 43
5373 12
5374 2
5375 18
5376 7
5377 48
5378 43
5379 5
5380 12
5381 91
5382 21
5383 62
5384 91
5385 12
5386 91
5387 19
5388 73
5389 7
5390 7
5391 16
5392 48
5393 37
5394 59
5395 12
5396 47
5397 8
5398 7
5399 12
5400 12
5401 9
5402 58
5403 31
5404 61
5405 48
5406 62
5407 91
5408 7
5409 56
5410 91
5411 21
5412 25
5413 84
5414 69
5415 3
5416 84
5417 16
5418 18
5419 83
5420 66
5421 88
5422 88
5423 25
5424 59
5425 38
5426 38
5427 82
5428 64
5429 48
5430 34
5431 94
5432 82
5433 88
5434 88
5435 82
5436 46
5437 19
5438 46
5439 82
5440 48
5441 17
5442 19
5443 50
5444 76
5445 92
5446 14
5447 8
5448 60
5449 88
5450 26
5451 83
5452 91
5453 24
5454 34
5455 91
5456 21
5457 52
5458 74
5459 66
5460 74
5461 46
5462 82
5463 48
5464 46
5465 8
5466 8
5467 48
5468 65
5469 20
5470 46
5471 83
5472 46
5473 46
5474 4
5475 48
5476 59
5477 3
5478 8
5479 48
5480 34
5481 74
5482 48
5483 48
5484 48
5485 56
5486 65
5487 48
5488 37
5489 46
5490 59
5491 65
5492 59
5493 74
5494 39
5495 64
5496 83
5497 84
5498 58
5499 19
5500 84
5501 38
5502 58
5503 74
5504 65
5505 2
5506 4
5507 83
5508 2
5509 26
5510 65
5511 65
5512 26
5513 69
5514 74
5515 8
5516 74
5517 8
5518 8
5519 32
5520 4
5521 84
5522 83
5523 89
5524 7
5525 83
5526 1
5527 84
5528 1
5529 65
5530 43
5531 91
5532 16
5533 47
5534 91
5535 91
5536 47
5537 7
5538 47
5539 16
5540 89
5541 89
5542 27
5543 91
5544 49
5545 84
5546 65
5547 31
5548 66
5549 59
5550 83
5551 9
5552 59
5553 81
5554 70
5555 65
5556 8
5557 62
5558 7
5559 83
5560 64
5561 59
5562 45
5563 59
5564 49
5565 61
5566 1
5567 49
5568 26
5569 49
5570 2
5571 65
5572 2
5573 40
5574 91
5575 5
5576 92
5577 60
5578 1
5579 8
5580 8
5581 5
5582 1
5583 16
5584 74
5585 74
5586 68
5587 31
5588 46
5589 31
5590 64
5591 79
5592 83
5593 51
5594 4
5595 73
5596 73
5597 5
5598 73
5599 73
5600 58
5601 26
5602 48
5603 50
5604 4
5605 37
5606 35
5607 21
5608 21
5609 46
5610 5
5611 5
5612 37
5613 5
5614 16
5615 48
5616 44
5617 48
5618 19
5619 22
5620 21
5621 22
5622 51
5623 37
5624 39
5625 2
5626 19
5627 19
5628 2
5629 17
5630 17
5631 22
5632 22
5633 22
5634 23
5635 23
5636 16
5637 70
5638 53
5639 5
5640 39
5641 84
5642 28
5643 67
5644 67
5645 67
5646 34
5647 73
5648 41
5649 34
5650 83
5651 50
5652 54
5653 1
5654 82
5655 19
5656 15
5657 50
5658 52
5659 26
5660 3
5661 26
5662 14
5663 26
5664 6
5665 2
5666 3
5667 3
5668 3
5669 3
5670 1
5671 30
5672 54
5673 16
5674 3
5675 47
5676 17
5677 3
5678 17
5679 68
5680 50
5681 73
5682 73
5683 4
5684 34
5685 34
5686 82
5687 17
5688 50
5689 1
5690 37
5691 22
5692 26
5693 26
5694 17
5695 48
5696 17
5697 17
5698 17
5699 17
5700 1
5701 1
5702 17
5703 17
5704 17
5705 41
5706 41
5707 24
5708 17
5709 1
5710 17
5711 2
5712 17
5713 17
5714 17
5715 2
5716 2
5717 17
5718 17
5719 17
5720 1
5721 1
5722 18
5723 17
5724 1
5725 59
5726 62
5727 9
5728 63
5729 63
5730 83
5731 83
5732 7
5733 68
5734 26
5735 55
5736 40
5737 21
5738 47
5739 47
5740 78
5741 13
5742 26
5743 48
5744 48
5745 48
5746 48
5747 48
5748 48
5749 48
5750 48
5751 48
5752 48
5753 48
5754 48
5755 48
5756 6
5757 6
5758 6
5759 6
5760 6
5761 6
5762 6
5763 35
5764 29
5765 38
5766 37
5767 21
5768 29
5769 29
5770 21
5771 21
5772 38
5773 31
5774 31
5775 31
5776 31
5777 31
5778 31
5779 31
5780 31
5781 31
5782 31
5783 69
5784 4
5785 3
5786 4
5787 39
5788 54
5789 14
5790 50
5791 29
5792 39
5793 14
5794 52
5795 37
5796 14
5797 14
5798 74
5799 73
5800 74
5801 50
5802 74
5803 59
5804 80
5805 34
5806 74
5807 22
5808 74
5809 74
5810 31
5811 35
5812 73
5813 38
5814 38
5815 63
5816 63
5817 34
5818 59
5819 73
5820 34
5821 73
5822 34
5823 34
5824 22
5825 5
5826 73
5827 59
5828 13
5829 51
5830 82
5831 82
5832 73
5833 35
5834 17
5835 34
5836 47
5837 22
5838 82
5839 5
5840 59
5841 59
5842 59
5843 4
5844 22
5845 22
5846 78
5847 34
5848 80
5849 35
5850 21
5851 78
5852 86
5853 78
5854 80
5855 21
5856 80
5857 39
5858 35
5859 57
5860 21
5861 57
5862 21
5863 44
5864 44
5865 22
5866 72
5867 35
5868 21
5869 21
5870 78
5871 57
5872 54
5873 21
5874 34
5875 21
5876 22
5877 35
5878 78
5879 21
5880 21
5881 80
5882 21
5883 35
5884 54
5885 80
5886 80
5887 14
5888 5
5889 4
5890 22
5891 13
5892 37
5893 14
5894 14
5895 4
5896 21
5897 4
5898 80
5899 21
5900 21
5901 21
5902 22
5903 21
5904 21
5905 35
5906 21
5907 34
5908 21
5909 80
5910 21
5911 21
5912 54
5913 50
5914 21
5915 21
5916 26
5917 50
5918 22
5919 21
5920 51
5921 52
5922 21
5923 80
5924 80
5925 22
5926 35
5927 21
5928 80
5929 21
5930 21
5931 5
5932 35
5933 21
5934 21
5935 35
5936 51
5937 21
5938 21
5939 21
5940 21
5941 47
5942 35
5943 21
5944 21
5945 35
5946 47
5947 47
5948 21
5949 47
5950 21
5951 6
5952 21
5953 21
5954 6
5955 35
5956 22
5957 21
5958 6
5959 21
5960 77
5961 21
5962 50
5963 21
5964 35
5965 34
5966 6
5967 6
5968 51
5969 26
5970 30
5971 22
5972 5
5973 35
5974 22
5975 34
5976 5
5977 5
5978 5
5979 21
5980 21
5981 38
5982 38
5983 38
5984 35
5985 38
5986 38
5987 21
5988 77
5989 34
5990 21
5991 21
5992 5
5993 21
5994 42
5995 5
5996 35
5997 21
5998 35
5999 77
6000 35
6001 35
6002 21
6003 21
6004 21
6005 21
6006 21
6007 35
6008 35
6009 21
6010 21
6011 35
6012 35
6013 21
6014 21
6015 21
6016 35
6017 35
6018 77
6019 35
6020 35
6021 35
6022 21
6023 21
6024 32
6025 21
6026 35
6027 35
6028 35
6029 35
6030 35
6031 17
6032 17
6033 39
6034 22
6035 77
6036 21
6037 21
6038 21
6039 35
6040 35
6041 35
6042 35
6043 35
6044 22
6045 17
6046 35
6047 22
6048 51
6049 1
6050 77
6051 77
6052 51
6053 39
6054 32
6055 22
6056 77
6057 30
6058 77
6059 77
6060 17
6061 22
6062 77
6063 22
6064 77
6065 77
6066 24
6067 35
6068 35
6069 22
6070 35
6071 35
6072 35
6073 35
6074 35
6075 35
6076 22
6077 22
6078 22
6079 22
6080 31
6081 17
6082 22
6083 22
6084 16
6085 22
6086 22
6087 2
6088 17
6089 17
6090 22
6091 60
6092 17
6093 22
6094 22
6095 22
6096 22
6097 22
6098 22
6099 22
6100 22
6101 22
6102 22
6103 22
6104 22
6105 22
6106 22
6107 22
6108 22
6109 22
6110 22
6111 22
6112 34
6113 48
6114 48
6115 41
6116 23
6117 18
6118 19
6119 30
6120 2
6121 55
6122 37
6123 39
6124 14
6125 84
6126 16
6127 54
6128 69
6129 42
6130 65
6131 65
6132 3
6133 58
6134 3
6135 56
6136 59
6137 56
6138 48
6139 56
6140 83
6141 73
6142 73
6143 65
6144 59
6145 37
6146 3
6147 4
6148 19
6149 49
6150 3
6151 59
6152 16
6153 1
6154 16
6155 73
6156 37
6157 53
6158 83
6159 19
6160 56
6161 58
6162 73
6163 29
6164 56
6165 73
6166 48
6167 31
6168 16
6169 39
6170 46
6171 19
6172 4
6173 16
6174 37
6175 2
6176 52
6177 37
6178 6
6179 26
6180 37
6181 57
6182 7
6183 7
6184 49
6185 57
6186 57
6187 56
6188 35
6189 1
6190 50
6191 39
6192 11
6193 37
6194 16
6195 49
6196 39
6197 55
6198 79
6199 50
6200 47
6201 56
6202 1
6203 6
6204 21
6205 19
6206 16
6207 48
6208 16
6209 19
6210 44
6211 44
6212 26
6213 41
6214 35
6215 18
6216 4
6217 79
6218 55
6219 39
6220 16
6221 19
6222 34
6223 21
6224 44
6225 48
6226 4
6227 48
6228 48
6229 30
6230 48
6231 48
6232 49
6233 22
6234 18
6235 13
6236 48
6237 48
6238 18
6239 21
6240 18
6241 48
6242 6
6243 48
6244 21
6245 48
6246 37
6247 48
6248 23
6249 16
6250 23
6251 48
6252 48
6253 48
6254 48
6255 48
6256 48
6257 48
6258 26
6259 18
6260 6
6261 41
6262 48
6263 41
6264 48
6265 48
6266 16
6267 48
6268 48
6269 48
6270 55
6271 26
6272 48
6273 13
6274 38
6275 48
6276 48
6277 48
6278 48
6279 16
6280 11
6281 41
6282 48
6283 48
6284 48
6285 6
6286 26
6287 48
6288 16
6289 23
6290 48
6291 37
6292 48
6293 31
6294 31
6295 14
6296 26
6297 48
6298 48
6299 48
6300 48
6301 48
6302 16
6303 6
6304 48
6305 6
6306 26
6307 6
6308 48
6309 6
6310 48
6311 47
6312 55
6313 47
6314 1
6315 48
6316 16
6317 48
6318 45
6319 37
6320 48
6321 48
6322 48
6323 48
6324 48
6325 48
6326 48
6327 6
6328 30
6329 6
6330 19
6331 6
6332 6
6333 6
6334 6
6335 16
6336 6
6337 16
6338 37
6339 22
6340 37
6341 38
6342 17
6343 16
6344 22
6345 30
6346 16
6347 41
6348 2
6349 44
6350 17
6351 37
6352 30
6353 35
6354 77
6355 23
6356 24
6357 16
6358 19
6359 16
6360 16
6361 1
6362 38
6363 20
6364 77
6365 19
6366 16
6367 16
6368 16
6369 37
6370 39
6371 19
6372 1
6373 24
6374 17
6375 47
6376 8
6377 8
6378 83
6379 84
6380 21
6381 21
6382 74
6383 55
6384 68
6385 84
6386 83
6387 74
6388 8
6389 8
6390 4
6391 8
6392 74
6393 74
6394 58
6395 19
6396 31
6397 55
6398 74
6399 19
6400 58
6401 58
6402 83
6403 19
6404 30
6405 55
6406 37
6407 32
6408 58
6409 59
6410 58
6411 65
6412 65
6413 83
6414 37
6415 83
6416 48
6417 58
6418 4
6419 22
6420 4
6421 5
6422 58
6423 63
6424 14
6425 26
6426 59
6427 58
6428 14
6429 83
6430 37
6431 48
6432 58
6433 20
6434 73
6435 19
6436 19
6437 20
6438 42
6439 7
6440 59
6441 58
6442 58
6443 59
6444 60
6445 4
6446 59
6447 4
6448 4
6449 4
6450 5
6451 58
6452 58
6453 5
6454 83
6455 35
6456 58
6457 58
6458 59
6459 2
6460 2
6461 19
6462 64
6463 42
6464 9
6465 51
6466 58
6467 37
6468 42
6469 58
6470 49
6471 4
6472 31
6473 4
6474 59
6475 34
6476 59
6477 19
6478 29
6479 39
6480 55
6481 5
6482 59
6483 59
6484 39
6485 34
6486 59
6487 22
6488 50
6489 4
6490 50
6491 16
6492 59
6493 54
6494 59
6495 59
6496 50
6497 83
6498 48
6499 24
6500 29
6501 4
6502 19
6503 48
6504 50
6505 22
6506 50
6507 55
6508 58
6509 58
6510 58
6511 39
6512 58
6513 2
6514 58
6515 58
6516 58
6517 34
6518 32
6519 58
6520 58
6521 51
6522 34
6523 34
6524 68
6525 30
6526 48
6527 19
6528 4
6529 39
6530 39
6531 26
6532 34
6533 34
6534 1
6535 34
6536 34
6537 58
6538 37
6539 50
6540 7
6541 48
6542 1
6543 4
6544 50
6545 1
6546 37
6547 14
6548 16
6549 50
6550 57
6551 37
6552 48
6553 4
6554 39
6555 34
6556 58
6557 29
6558 55
6559 22
6560 34
6561 4
6562 17
6563 55
6564 34
6565 40
6566 58
6567 48
6568 48
6569 21
6570 50
6571 14
6572 37
6573 82
6574 57
6575 50
6576 4
6577 58
6578 2
6579 4
6580 39
6581 4
6582 4
6583 39
6584 24
6585 26
6586 18
6587 55
6588 34
6589 50
6590 50
6591 49
6592 50
6593 47
6594 14
6595 34
6596 57
6597 50
6598 14
6599 37
6600 16
6601 82
6602 82
6603 82
6604 82
6605 82
6606 57
6607 57
6608 17
6609 4
6610 50
6611 54
6612 57
6613 57
6614 14
6615 57
6616 14
6617 4
6618 4
6619 4
6620 50
6621 14
6622 22
6623 14
6624 4
6625 37
6626 50
6627 55
6628 14
6629 14
6630 21
6631 22
6632 14
6633 39
6634 4
6635 50
6636 55
6637 16
6638 14
6639 18
6640 14
6641 34
6642 34
6643 4
6644 30
6645 34
6646 34
6647 50
6648 21
6649 16
6650 37
6651 14
6652 50
6653 34
6654 34
6655 4
6656 4
6657 34
6658 19
6659 26
6660 22
6661 30
6662 47
6663 29
6664 39
6665 39
6666 55
6667 37
6668 4
6669 50
6670 46
6671 5
6672 4
6673 55
6674 22
6675 19
6676 50
6677 21
6678 48
6679 21
6680 52
6681 21
6682 54
6683 14
6684 34
6685 30
6686 50
6687 50
6688 52
6689 34
6690 48
6691 21
6692 55
6693 39
6694 34
6695 39
6696 50
6697 26
6698 41
6699 50
6700 16
6701 51
6702 14
6703 14
6704 55
6705 26
6706 50
6707 24
6708 26
6709 50
6710 16
6711 54
6712 37
6713 51
6714 48
6715 50
6716 50
6717 48
6718 41
6719 48
6720 55
6721 26
6722 22
6723 48
6724 26
6725 50
6726 48
6727 26
6728 19
6729 14
6730 14
6731 55
6732 16
6733 26
6734 30
6735 30
6736 14
6737 50
6738 24
6739 14
6740 19
6741 37
6742 48
6743 48
6744 50
6745 50
6746 48
6747 32
6748 55
6749 48
6750 19
6751 14
6752 14
6753 48
6754 48
6755 26
6756 50
6757 21
6758 26
6759 55
6760 50
6761 26
6762 37
6763 16
6764 26
6765 16
6766 24
6767 26
6768 32
6769 14
6770 14
6771 21
6772 16
6773 32
6774 51
6775 26
6776 19
6777 30
6778 17
6779 21
6780 16
6781 2
6782 26
6783 26
6784 48
6785 48
6786 55
6787 48
6788 22
6789 22
6790 16
6791 48
6792 48
6793 48
6794 48
6795 24
6796 55
6797 30
6798 22
6799 48
6800 48
6801 48
6802 48
6803 48
6804 16
6805 48
6806 48
6807 2
6808 26
6809 37
6810 6
6811 55
6812 37
6813 24
6814 37
6815 5
6816 37
6817 55
6818 35
6819 22
6820 6
6821 6
6822 6
6823 22
6824 55
6825 19
6826 30
6827 60
6828 5
6829 16
6830 55
6831 16
6832 19
6833 44
6834 2
6835 26
6836 55
6837 44
6838 55
6839 21
6840 37
6841 37
6842 55
6843 60
6844 30
6845 55
6846 55
6847 41
6848 41
6849 2
6850 2
6851 22
6852 55
6853 77
6854 60
6855 31
6856 2
6857 55
6858 55
6859 30
6860 2
6861 77
6862 2
6863 21
6864 30
6865 41
6866 37
6867 55
6868 2
6869 55
6870 21
6871 2
6872 24
6873 55
6874 42
6875 42
6876 37
6877 39
6878 55
6879 55
6880 24
6881 17
6882 30
6883 2
6884 23
6885 55
6886 24
6887 19
6888 55
6889 39
6890 55
6891 60
6892 24
6893 2
6894 51
6895 14
6896 2
6897 35
6898 2
6899 37
6900 2
6901 42
6902 21
6903 23
6904 37
6905 14
6906 24
6907 30
6908 39
6909 24
6910 39
6911 39
6912 2
6913 60
6914 2
6915 24
6916 39
6917 2
6918 23
6919 24
6920 16
6921 37
6922 17
6923 37
6924 2
6925 30
6926 24
6927 30
6928 2
6929 2
6930 37
6931 21
6932 2
6933 24
6934 21
6935 2
6936 60
6937 17
6938 31
6939 24
6940 22
6941 17
6942 17
6943 22
6944 32
6945 21
6946 22
6947 22
6948 32
6949 21
6950 23
6951 21
6952 21
6953 21
6954 17
6955 26
6956 50
6957 4
6958 22
6959 41
6960 2
6961 57
6962 56
6963 1
6964 1
6965 19
6966 1
6967 63
6968 79
6969 1
6970 35
6971 14
6972 82
6973 21
6974 77
6975 52
6976 14
6977 30
6978 41
6979 1
6980 48
6981 2
6982 2
6983 22
6984 5
6985 19
6986 19
6987 2
6988 2
6989 2
6990 2
6991 30
6992 2
6993 2
6994 2
6995 2
6996 2
6997 2
6998 23
6999 16
7000 21
7001 29
7002 56
7003 83
7004 35
7005 4
7006 4
7007 77
7008 63
7009 7
7010 31
7011 3
7012 20
7013 20
7014 20
7015 6
7016 83
7017 56
7018 57
7019 7
7020 47
7021 47
7022 20
7023 16
7024 52
7025 6
7026 6
7027 6
7028 35
7029 6
7030 1
7031 35
7032 47
7033 20
7034 42
7035 77
7036 2
7037 50
7038 52
7039 77
7040 50
7041 16
7042 6
7043 19
7044 20
7045 20
7046 20
7047 20
7048 20
7049 20
7050 65
7051 65
7052 41
7053 23
7054 37
7055 81
7056 13
7057 77
7058 49
7059 34
7060 49
7061 41
7062 77
7063 2
7064 77
7065 31
7066 31
7067 21
7068 7
7069 66
7070 7
7071 3
7072 3
7073 83
7074 59
7075 68
7076 68
7077 5
7078 26
7079 7
7080 55
7081 7
7082 58
7083 37
7084 34
7085 34
7086 34
7087 22
7088 80
7089 22
7090 14
7091 51
7092 14
7093 22
7094 22
7095 32
7096 21
7097 29
7098 17
7099 16
7100 73
7101 24
7102 70
7103 70
7104 9
7105 26
7106 34
7107 34
7108 26
7109 34
7110 49
7111 49
7112 49
7113 41
7114 26
7115 49
7116 22
7117 49
7118 26
7119 4
7120 7
7121 7
7122 7
7123 26
7124 26
7125 26
7126 26
7127 22
7128 26
7129 26
7130 26
7131 41
7132 26
7133 55
7134 22
7135 26
7136 5
7137 55
7138 17
7139 17
7140 16
7141 22
7142 13
7143 61
7144 49
7145 65
7146 30
7147 86
7148 65
7149 49
7150 68
7151 10
7152 10
7153 10
7154 53
7155 3
7156 3
7157 3
7158 3
7159 3
7160 2
7161 3
7162 6
7163 2
7164 47
7165 53
7166 53
7167 53
7168 18
7169 53
7170 48
7171 49
7172 53
7173 18
7174 49
7175 49
7176 30
7177 34
7178 47
7179 18
7180 26
7181 2
7182 19
7183 24
7184 34
7185 38
7186 34
7187 26
7188 34
7189 34
7190 34
7191 16
7192 16
7193 41
7194 17
7195 16
7196 15
7197 16
7198 16
7199 1
7200 17
7201 17
7202 15
7203 13
7204 38
7205 18
7206 18
7207 2
7208 5
7209 11
7210 63
7211 3
7212 16
7213 63
7214 40
7215 74
7216 74
7217 58
7218 58
7219 63
7220 91
7221 58
7222 58
7223 77
7224 93
7225 66
7226 37
7227 50
7228 59
7229 89
7230 58
7231 27
7232 76
7233 89
7234 50
7235 76
7236 26
7237 88
7238 88
7239 87
7240 19
7241 76
7242 22
7243 31
7244 87
7245 87
7246 87
7247 87
7248 93
7249 54
7250 54
7251 31
7252 74
7253 66
7254 74
7255 87
7256 40
7257 12
7258 25
7259 52
7260 89
7261 39
7262 66
7263 21
7264 39
7265 93
7266 14
7267 31
7268 66
7269 70
7270 20
7271 10
7272 89
7273 89
7274 74
7275 58
7276 14
7277 49
7278 49
7279 49
7280 50
7281 20
7282 31
7283 92
7284 21
7285 25
7286 5
7287 66
7288 66
7289 87
7290 46
7291 46
7292 46
7293 52
7294 62
7295 14
7296 87
7297 25
7298 56
7299 59
7300 20
7301 87
7302 87
7303 74
7304 30
7305 30
7306 91
7307 10
7308 77
7309 31
7310 21
7311 62
7312 66
7313 5
7314 21
7315 71
7316 14
7317 19
7318 60
7319 60
7320 92
7321 21
7322 66
7323 70
7324 87
7325 87
7326 16
7327 87
7328 87
7329 73
7330 41
7331 46
7332 73
7333 87
7334 87
7335 87
7336 87
7337 89
7338 52
7339 59
7340 76
7341 7
7342 19
7343 87
7344 46
7345 27
7346 76
7347 14
7348 18
7349 87
7350 88
7351 92
7352 31
7353 38
7354 89
7355 66
7356 16
7357 15
7358 39
7359 60
7360 39
7361 12
7362 26
7363 26
7364 26
7365 77
7366 46
7367 26
7368 17
7369 59
7370 46
7371 46
7372 46
7373 76
7374 66
7375 87
7376 87
7377 5
7378 5
7379 46
7380 1
7381 13
7382 59
7383 47
7384 20
7385 87
7386 27
7387 66
7388 22
7389 60
7390 73
7391 77
7392 26
7393 26
7394 26
7395 41
7396 87
7397 87
7398 19
7399 66
7400 1
7401 1
7402 76
7403 39
7404 22
7405 62
7406 3
7407 32
7408 92
7409 14
7410 67
7411 46
7412 50
7413 82
7414 22
7415 1
7416 5
7417 66
7418 87
7419 87
7420 74
7421 82
7422 80
7423 92
7424 32
7425 32
7426 52
7427 21
7428 1
7429 82
7430 7
7431 56
7432 91
7433 87
7434 74
7435 2
7436 91
7437 50
7438 2
7439 88
7440 88
7441 91
7442 22
7443 89
7444 27
7445 1
7446 7
7447 39
7448 50
7449 82
7450 60
7451 60
7452 82
7453 59
7454 91
7455 89
7456 1
7457 87
7458 80
7459 87
7460 91
7461 21
7462 82
7463 48
7464 19
7465 87
7466 67
7467 67
7468 87
7469 91
7470 35
7471 89
7472 88
7473 3
7474 60
7475 87
7476 88
7477 88
7478 88
7479 88
7480 82
7481 82
7482 82
7483 91
7484 22
7485 91
7486 56
7487 66
7488 66
7489 50
7490 87
7491 87
7492 88
7493 40
7494 40
7495 15
7496 54
7497 54
7498 52
7499 73
7500 52
7501 50
7502 50
7503 50
7504 82
7505 82
7506 12
7507 39
7508 91
7509 66
7510 60
7511 19
7512 10
7513 41
7514 82
7515 21
7516 44
7517 44
7518 91
7519 73
7520 31
7521 31
7522 39
7523 66
7524 1
7525 22
7526 50
7527 50
7528 87
7529 87
7530 41
7531 92
7532 82
7533 39
7534 66
7535 59
7536 76
7537 87
7538 60
7539 46
7540 88
7541 88
7542 52
7543 88
7544 88
7545 88
7546 88
7547 88
7548 74
7549 19
7550 77
7551 67
7552 1
7553 50
7554 87
7555 2
7556 82
7557 82
7558 39
7559 55
7560 88
7561 80
7562 46
7563 67
7564 46
7565 16
7566 4
7567 9
7568 4
7569 58
7570 8
7571 74
7572 74
7573 92
7574 50
7575 43
7576 74
7577 8
7578 67
7579 67
7580 76
7581 21
7582 82
7583 88
7584 1
7585 1
7586 8
7587 43
7588 88
7589 50
7590 88
7591 73
7592 88
7593 82
7594 88
7595 88
7596 41
7597 19
7598 7
7599 87
7600 8
7601 87
7602 8
7603 19
7604 43
7605 27
7606 27
7607 27
7608 77
7609 4
7610 50
7611 87
7612 82
7613 74
7614 22
7615 43
7616 26
7617 53
7618 53
7619 53
7620 88
7621 88
7622 87
7623 87
7624 8
7625 87
7626 82
7627 88
7628 4
7629 52
7630 52
7631 60
7632 66
7633 41
7634 41
7635 88
7636 31
7637 39
7638 74
7639 9
7640 88
7641 88
7642 88
7643 88
7644 88
7645 88
7646 88
7647 39
7648 74
7649 74
7650 74
7651 74
7652 74
7653 74
7654 74
7655 74
7656 74
7657 74
7658 74
7659 74
7660 74
7661 74
7662 74
7663 74
7664 74
7665 74
7666 74
7667 74
7668 74
7669 74
7670 8
7671 92
7672 4
7673 4
7674 43
7675 19
7676 39
7677 39
7678 1
7679 5
7680 20
7681 39
7682 93
7683 66
7684 22
7685 74
7686 73
7687 8
7688 92
7689 39
7690 50
7691 91
7692 48
7693 65
7694 19
7695 52
7696 52
7697 46
7698 60
7699 65
7700 42
7701 42
7702 43
7703 74
7704 74
7705 14
7706 8
7707 2
7708 31
7709 39
7710 82
7711 4
7712 39
7713 60
7714 1
7715 12
7716 27
7717 74
7718 2
7719 39
7720 4
7721 92
7722 31
7723 71
7724 30
7725 8
7726 50
7727 2
7728 41
7729 2
7730 47
7731 59
7732 2
7733 92
7734 12
7735 12
7736 21
7737 12
7738 21
7739 52
7740 52
7741 52
7742 8
7743 39
7744 66
7745 74
7746 31
7747 1
7748 19
7749 41
7750 12
7751 60
7752 92
7753 91
7754 34
7755 20
7756 22
7757 74
7758 77
7759 76
7760 2
7761 16
7762 14
7763 76
7764 46
7765 26
7766 12
7767 27
7768 4
7769 12
7770 39
7771 26
7772 58
7773 21
7774 12
7775 8
7776 94
7777 32
7778 39
7779 92
7780 47
7781 30
7782 14
7783 25
7784 19
7785 74
7786 39
7787 12
7788 73
7789 66
7790 74
7791 74
7792 74
7793 8
7794 71
7795 41
7796 92
7797 93
7798 19
7799 48
7800 48
7801 48
7802 48
7803 48
7804 22
7805 20
7806 41
7807 41
7808 66
7809 19
7810 77
7811 5
7812 74
7813 39
7814 34
7815 41
7816 94
7817 31
7818 31
7819 31
7820 12
7821 12
7822 12
7823 12
7824 34
7825 21
7826 73
7827 17
7828 17
7829 1
7830 71
7831 52
7832 74
7833 59
7834 74
7835 74
7836 66
7837 12
7838 82
7839 21
7840 39
7841 74
7842 32
7843 21
7844 41
7845 26
7846 60
7847 41
7848 41
7849 41
7850 34
7851 8
7852 74
7853 67
7854 74
7855 34
7856 1
7857 74
7858 74
7859 74
7860 74
7861 74
7862 74
7863 74
7864 74
7865 19
7866 19
7867 19
7868 19
7869 19
7870 19
7871 19
7872 19
7873 19
7874 19
7875 19
7876 92
7877 92
7878 82
7879 82
7880 82
7881 82
7882 82
7883 82
7884 82
7885 82
7886 82
7887 82
7888 82
7889 82
7890 14
7891 3
7892 82
7893 82
7894 82
7895 46
7896 46
7897 46
7898 46
7899 46
7900 30
7901 30
7902 30
7903 35
7904 58
7905 74
7906 50
7907 31
7908 58
7909 16
7910 17
7911 14
7912 41
7913 73
7914 94
7915 74
7916 74
7917 22
7918 19
7919 46
7920 4
7921 58
7922 1
7923 74
7924 4
7925 62
7926 2
7927 74
7928 77
7929 21
7930 41
7931 66
7932 10
7933 50
7934 50
7935 16
7936 8
7937 92
7938 92
7939 1
7940 41
7941 39
7942 21
7943 59
7944 91
7945 41
7946 27
7947 19
7948 41
7949 71
7950 60
7951 53
7952 58
7953 2
7954 74
7955 92
7956 71
7957 91
7958 62
7959 58
7960 50
7961 21
7962 71
7963 73
7964 14
7965 58
7966 52
7967 41
7968 17
7969 91
7970 58
7971 21
7972 74
7973 74
7974 12
7975 76
7976 12
7977 74
7978 22
7979 92
7980 92
7981 89
7982 41
7983 74
7984 1
7985 92
7986 14
7987 41
7988 5
7989 92
7990 74
7991 92
7992 16
7993 14
7994 21
7995 27
7996 58
7997 58
7998 34
7999 77
8000 5
8001 19
8002 1
8003 74
8004 10
8005 20
8006 16
8007 14
8008 3
8009 80
8010 94
8011 16
8012 22
8013 58
8014 89
8015 12
8016 74
8017 80
8018 62
8019 32
8020 4
8021 82
8022 74
8023 21
8024 21
8025 16
8026 58
8027 74
8028 21
8029 22
8030 80
8031 50
8032 88
8033 1
8034 74
8035 74
8036 58
8037 5
8038 19
8039 41
8040 74
8041 82
8042 30
8043 20
8044 16
8045 74
8046 74
8047 77
8048 22
8049 4
8050 73
8051 4
8052 58
8053 21
8054 21
8055 12
8056 14
8057 14
8058 41
8059 18
8060 12
8061 12
8062 21
8063 52
8064 21
8065 21
8066 21
8067 91
8068 16
8069 74
8070 22
8071 48
8072 52
8073 66
8074 19
8075 45
8076 92
8077 73
8078 41
8079 9
8080 74
8081 21
8082 20
8083 50
8084 34
8085 14
8086 77
8087 1
8088 58
8089 41
8090 80
8091 50
8092 21
8093 32
8094 34
8095 50
8096 22
8097 41
8098 74
8099 34
8100 15
8101 74
8102 19
8103 16
8104 16
8105 16
8106 91
8107 5
8108 89
8109 41
8110 21
8111 70
8112 21
8113 41
8114 34
8115 80
8116 4
8117 2
8118 16
8119 21
8120 41
8121 27
8122 92
8123 1
8124 34
8125 41
8126 56
8127 58
8128 19
8129 74
8130 73
8131 5
8132 66
8133 80
8134 4
8135 74
8136 32
8137 16
8138 41
8139 70
8140 41
8141 92
8142 66
8143 66
8144 66
8145 66
8146 66
8147 66
8148 66
8149 22
8150 22
8151 22
8152 22
8153 22
8154 22
8155 66
8156 77
8157 19
8158 34
8159 21
8160 80
8161 66
8162 41
8163 4
8164 74
8165 2
8166 8
8167 21
8168 21
8169 41
8170 26
8171 74
8172 74
8173 18
8174 12
8175 41
8176 41
8177 14
8178 53
8179 53
8180 74
8181 80
8182 80
8183 80
8184 16
8185 16
8186 19
8187 77
8188 41
8189 53
8190 53
8191 34
8192 32
8193 3
8194 80
8195 16
8196 41
8197 58
8198 45
8199 41
8200 50
8201 16
8202 83
8203 74
8204 41
8205 80
8206 5
8207 19
8208 19
8209 19
8210 74
8211 34
8212 22
8213 71
8214 92
8215 58
8216 21
8217 41
8218 14
8219 41
8220 83
8221 74
8222 66
8223 80
8224 41
8225 82
8226 21
8227 41
8228 41
8229 50
8230 1
8231 19
8232 34
8233 34
8234 58
8235 66
8236 22
8237 21
8238 21
8239 58
8240 92
8241 50
8242 66
8243 71
8244 46
8245 12
8246 59
8247 34
8248 74
8249 19
8250 19
8251 16
8252 21
8253 16
8254 50
8255 21
8256 34
8257 21
8258 58
8259 19
8260 74
8261 92
8262 50
8263 22
8264 58
8265 77
8266 51
8267 74
8268 53
8269 53
8270 5
8271 80
8272 12
8273 34
8274 21
8275 34
8276 12
8277 2
8278 58
8279 12
8280 79
8281 80
8282 41
8283 80
8284 27
8285 80
8286 41
8287 15
8288 58
8289 15
8290 34
8291 2
8292 34
8293 9
8294 32
8295 41
8296 41
8297 19
8298 19
8299 66
8300 77
8301 74
8302 16
8303 22
8304 17
8305 41
8306 34
8307 66
8308 74
8309 86
8310 20
8311 21
8312 50
8313 58
8314 41
8315 74
8316 80
8317 1
8318 58
8319 41
8320 22
8321 1
8322 58
8323 12
8324 16
8325 19
8326 41
8327 74
8328 66
8329 16
8330 19
8331 50
8332 58
8333 58
8334 41
8335 16
8336 66
8337 83
8338 74
8339 66
8340 22
8341 2
8342 74
8343 50
8344 16
8345 62
8346 62
8347 86
8348 41
8349 74
8350 73
8351 50
8352 80
8353 50
8354 41
8355 19
8356 34
8357 22
8358 66
8359 41
8360 46
8361 48
8362 16
8363 58
8364 58
8365 73
8366 21
8367 62
8368 50
8369 74
8370 21
8371 86
8372 34
8373 60
8374 80
8375 22
8376 48
8377 50
8378 35
8379 19
8380 34
8381 9
8382 21
8383 34
8384 66
8385 20
8386 42
8387 58
8388 4
8389 66
8390 71
8391 46
8392 6
8393 80
8394 12
8395 15
8396 91
8397 62
8398 74
8399 80
8400 82
8401 27
8402 67
8403 77
8404 16
8405 50
8406 19
8407 74
8408 80
8409 50
8410 32
8411 19
8412 46
8413 12
8414 91
8415 86
8416 91
8417 86
8418 19
8419 71
8420 4
8421 7
8422 7
8423 92
8424 67
8425 74
8426 74
8427 92
8428 66
8429 86
8430 74
8431 74
8432 41
8433 34
8434 19
8435 34
8436 22
8437 74
8438 4
8439 80
8440 12
8441 92
8442 66
8443 7
8444 46
8445 74
8446 94
8447 12
8448 12
8449 12
8450 17
8451 7
8452 7
8453 24
8454 92
8455 91
8456 74
8457 50
8458 7
8459 7
8460 21
8461 21
8462 19
8463 74
8464 32
8465 21
8466 21
8467 74
8468 50
8469 77
8470 19
8471 1
8472 94
8473 34
8474 7
8475 50
8476 89
8477 86
8478 58
8479 50
8480 9
8481 1
8482 66
8483 74
8484 92
8485 92
8486 50
8487 4
8488 77
8489 80
8490 86
8491 86
8492 91
8493 74
8494 59
8495 59
8496 19
8497 73
8498 19
8499 40
8500 16
8501 74
8502 92
8503 66
8504 73
8505 21
8506 74
8507 27
8508 70
8509 48
8510 74
8511 1
8512 19
8513 70
8514 17
8515 74
8516 22
8517 80
8518 69
8519 21
8520 19
8521 86
8522 73
8523 70
8524 71
8525 21
8526 21
8527 16
8528 66
8529 66
8530 66
8531 98
8532 74
8533 59
8534 59
8535 74
8536 59
8537 74
8538 74
8539 19
8540 16
8541 86
8542 73
8543 34
8544 92
8545 15
8546 92
8547 74
8548 80
8549 12
8550 22
8551 22
8552 86
8553 46
8554 1
8555 4
8556 77
8557 19
8558 73
8559 21
8560 4
8561 34
8562 41
8563 58
8564 58
8565 58
8566 58
8567 41
8568 9
8569 71
8570 41
8571 46
8572 74
8573 86
8574 29
8575 46
8576 19
8577 80
8578 56
8579 58
8580 41
8581 34
8582 73
8583 92
8584 50
8585 19
8586 50
8587 41
8588 58
8589 92
8590 15
8591 60
8592 34
8593 77
8594 50
8595 17
8596 58
8597 58
8598 58
8599 92
8600 19
8601 70
8602 70
8603 41
8604 58
8605 58
8606 50
8607 73
8608 32
8609 21
8610 21
8611 40
8612 46
8613 26
8614 21
8615 19
8616 92
8617 22
8618 5
8619 74
8620 56
8621 71
8622 21
8623 16
8624 58
8625 34
8626 77
8627 74
8628 19
8629 92
8630 50
8631 74
8632 22
8633 73
8634 34
8635 58
8636 80
8637 21
8638 21
8639 14
8640 92
8641 91
8642 19
8643 19
8644 19
8645 21
8646 21
8647 21
8648 21
8649 34
8650 34
8651 34
8652 34
8653 34
8654 34
8655 34
8656 15
8657 15
8658 15
8659 15
8660 15
8661 41
8662 92
8663 16
8664 32
8665 32
8666 22
8667 34
8668 66
8669 58
8670 2
8671 50
8672 80
8673 21
8674 77
8675 2
8676 55
8677 86
8678 15
8679 21
8680 5
8681 5
8682 5
8683 21
8684 5
8685 5
8686 5
8687 5
8688 21
8689 5
8690 41
8691 41
8692 34
8693 41
8694 21
8695 2
8696 46
8697 70
8698 80
8699 92
8700 91
8701 2
8702 41
8703 66
8704 62
8705 92
8706 92
8707 55
8708 41
8709 80
8710 59
8711 74
8712 34
8713 92
8714 77
8715 2
8716 22
8717 55
8718 55
8719 58
8720 5
8721 34
8722 2
8723 92
8724 1
8725 19
8726 2
8727 14
8728 14
8729 2
8730 35
8731 14
8732 19
8733 59
8734 62
8735 41
8736 21
8737 55
8738 22
8739 41
8740 2
8741 66
8742 92
8743 58
8744 58
8745 2
8746 21
8747 46
8748 41
8749 34
8750 92
8751 41
8752 55
8753 86
8754 19
8755 34
8756 46
8757 2
8758 2
8759 34
8760 14
8761 50
8762 92
8763 21
8764 22
8765 2
8766 66
8767 5
8768 58
8769 55
8770 16
8771 2
8772 92
8773 34
8774 70
8775 19
8776 28
8777 92
8778 2
8779 80
8780 50
8781 59
8782 2
8783 65
8784 65
8785 65
8786 76
8787 5
8788 62
8789 92
8790 32
8791 62
8792 86
8793 19
8794 66
8795 74
8796 92
8797 16
8798 16
8799 26
8800 1
8801 22
8802 5
8803 22
8804 92
8805 41
8806 19
8807 19
8808 41
8809 41
8810 41
8811 77
8812 86
8813 77
8814 86
8815 86
8816 77
8817 86
8818 86
8819 86
8820 86
8821 86
8822 19
8823 12
8824 12
8825 5
8826 5
8827 5
8828 5
8829 5
8830 5
8831 5
8832 5
8833 5
8834 5
8835 92
8836 40
8837 77
8838 92
8839 41
8840 19
8841 41
8842 41
8843 41
8844 2
8845 2
8846 46
8847 22
8848 22
8849 22
8850 22
8851 22
8852 22
8853 22
8854 22
8855 22
8856 22
8857 55
8858 55
8859 55
8860 55
8861 55
8862 55
8863 41
8864 3
8865 92
8866 41
8867 41
8868 41
8869 41
8870 41
8871 19
8872 19
8873 19
8874 19
8875 19
8876 16
8877 16
8878 41
8879 50
8880 41
8881 32
8882 46
8883 41
8884 41
8885 1
8886 41
8887 7
8888 19
8889 50
8890 66
8891 58
8892 58
8893 58
8894 2
8895 92
8896 80
8897 16
8898 2
8899 41
8900 58
8901 41
8902 46
8903 34
8904 19
8905 77
8906 32
8907 2
8908 14
8909 58
8910 19
8911 40
8912 9
8913 58
8914 80
8915 41
8916 50
8917 50
8918 19
8919 19
8920 58
8921 80
8922 15
8923 80
8924 20
8925 58
8926 2
8927 19
8928 19
8929 19
8930 63
8931 63
8932 63
8933 63
8934 63
8935 20
8936 58
8937 2
8938 63
8939 58
8940 80
8941 41
8942 86
8943 34
8944 63
8945 4
8946 41
8947 19
8948 19
8949 19
8950 19
8951 58
8952 86
8953 63
8954 63
8955 58
8956 63
8957 77
8958 63
8959 41
8960 25
8961 58
8962 92
8963 42
8964 42
8965 58
8966 63
8967 63
8968 19
8969 67
8970 41
8971 1
8972 50
8973 41
8974 58
8975 58
8976 29
8977 41
8978 58
8979 58
8980 66
8981 19
8982 66
8983 58
8984 86
8985 49
8986 92
8987 58
8988 59
8989 76
8990 44
8991 44
8992 44
8993 1
8994 50
8995 86
8996 77
8997 44
8998 44
8999 19
9000 19
9001 92
9002 92
9003 44
9004 44
9005 49
9006 2
9007 58
9008 80
9009 34
9010 66
9011 92
9012 66
9013 66
9014 50
9015 50
9016 76
9017 19
9018 19
9019 80
9020 66
9021 58
9022 77
9023 92
9024 92
9025 1
9026 77
9027 3
9028 9
9029 9
9030 76
9031 92
9032 15
9033 15
9034 15
9035 80
9036 19
9037 19
9038 19
9039 19
9040 44
9041 44
9042 44
9043 44
9044 44
9045 65
9046 92
9047 41
9048 92
9049 25
9050 9
9051 41
9052 19
9053 19
9054 19
9055 19
9056 19
9057 19
9058 19
9059 19
9060 19
9061 19
9062 19
9063 19
9064 19
9065 19
9066 34
9067 77
9068 77
9069 77
9070 58
9071 92
9072 92
9073 92
9074 77
9075 92
9076 58
9077 58
9078 25
9079 3
9080 44
9081 20
9082 20
9083 25
9084 19
9085 19
9086 19
9087 19
9088 32
9089 49
9090 49
9091 77
9092 2
9093 2
9094 41
9095 25
9096 65
9097 25
9098 23
9099 92
9100 80
9101 15
9102 25
9103 19
9104 19
9105 19
9106 19
9107 46
9108 44
9109 25
9110 58
9111 58
9112 58
9113 58
9114 58
9115 25
9116 25
9117 46
9118 46
9119 46
9120 46
9121 46
9122 80
9123 80
9124 80
9125 89
9126 89
9127 89
9128 89
9129 89
9130 77
9131 77
9132 19
9133 50
9134 50
9135 58
9136 58
9137 25
9138 60
9139 60
9140 60
9141 60
9142 44
9143 44
9144 80
9145 62
9146 62
9147 46
9148 62
9149 92
9150 2
9151 77
9152 62
9153 62
9154 58
9155 44
9156 44
9157 19
9158 19
9159 19
9160 19
9161 41
9162 41
9163 41
9164 77
9165 2
9166 19
9167 42
9168 62
9169 50
9170 66
9171 80
9172 19
9173 2
9174 44
9175 77
9176 19
9177 32
9178 58
9179 44
9180 25
9181 44
9182 66
9183 92
9184 41
9185 77
9186 19
9187 15
9188 44
9189 15
9190 15
9191 15
9192 15
9193 15
9194 15
9195 15
9196 15
9197 58
9198 58
9199 27
9200 27
9201 27
9202 27
9203 25
9204 66
9205 25
9206 25
9207 19
9208 59
9209 92
9210 80
9211 77
9212 19
9213 25
9214 96
9215 96
9216 15
9217 15
9218 80
9219 3
9220 15
9221 15
9222 62
9223 62
9224 62
9225 62
9226 77
9227 66
9228 62
9229 60
9230 92
9231 2
9232 80
9233 92
9234 92
9235 62
9236 92
9237 32
9238 19
9239 92
9240 77
9241 80
9242 19
9243 44
9244 80
9245 44
9246 44
9247 92
9248 25
9249 19
9250 77
9251 44
9252 2
9253 25
9254 25
9255 92
9256 24
9257 25
9258 19
9259 12
9260 19
9261 44
9262 77
9263 19
9264 80
9265 2
9266 50
9267 12
9268 12
9269 12
9270 12
9271 12
9272 12
9273 12
9274 12
9275 12
9276 12
9277 25
9278 2
9279 25
9280 19
9281 77
9282 44
9283 34
9284 92
9285 92
9286 58
9287 19
9288 50
9289 44
9290 77
9291 50
9292 19
9293 92
9294 15
9295 44
9296 25
9297 80
9298 12
9299 50
9300 12
9301 50
9302 25
9303 19
9304 25
9305 77
9306 50
9307 50
9308 26
9309 92
9310 80
9311 19
9312 34
9313 77
9314 19
9315 58
9316 80
9317 44
9318 66
9319 2
9320 50
9321 44
9322 19
9323 50
9324 77
9325 66
9326 7
9327 19
9328 2
9329 7
9330 44
9331 26
9332 77
9333 34
9334 92
9335 7
9336 15
9337 15
9338 50
9339 50
9340 34
9341 31
9342 77
9343 19
9344 50
9345 50
9346 15
9347 15
9348 92
9349 7
9350 12
9351 3
9352 12
9353 12
9354 77
9355 50
9356 92
9357 3
9358 92
9359 19
9360 92
9361 19
9362 15
9363 92
9364 7
9365 92
9366 58
9367 25
9368 92
9369 77
9370 19
9371 92
9372 12
9373 12
9374 92
9375 12
9376 19
9377 77
9378 44
9379 58
9380 44
9381 62
9382 92
9383 12
9384 12
9385 92
9386 32
9387 7
9388 77
9389 44
9390 7
9391 19
9392 32
9393 77
9394 25
9395 12
9396 80
9397 44
9398 19
9399 92
9400 62
9401 7
9402 19
9403 62
9404 92
9405 80
9406 77
9407 62
9408 41
9409 7
9410 19
9411 62
9412 62
9413 24
9414 44
9415 92
9416 92
9417 2
9418 80
9419 19
9420 12
9421 41
9422 80
9423 58
9424 12
9425 77
9426 15
9427 7
9428 19
9429 41
9430 44
9431 19
9432 12
9433 3
9434 77
9435 19
9436 50
9437 7
9438 92
9439 92
9440 2
9441 12
9442 92
9443 7
9444 19
9445 12
9446 41
9447 12
9448 77
9449 41
9450 92
9451 92
9452 19
9453 41
9454 7
9455 66
9456 66
9457 92
9458 62
9459 92
9460 92
9461 66
9462 50
9463 19
9464 46
9465 59
9466 67
9467 77
9468 25
9469 34
9470 19
9471 46
9472 2
9473 92
9474 80
9475 46
9476 92
9477 15
9478 15
9479 15
9480 32
9481 15
9482 66
9483 12
9484 80
9485 92
9486 2
9487 44
9488 92
9489 34
9490 66
9491 46
9492 5
9493 77
9494 66
9495 19
9496 80
9497 3
9498 5
9499 19
9500 66
9501 66
9502 34
9503 62
9504 32
9505 15
9506 48
9507 19
9508 62
9509 2
9510 19
9511 77
9512 7
9513 19
9514 12
9515 46
9516 92
9517 92
9518 92
9519 80
9520 19
9521 2
9522 62
9523 77
9524 92
9525 32
9526 92
9527 92
9528 45
9529 39
9530 80
9531 19
9532 92
9533 12
9534 80
9535 92
9536 92
9537 20
9538 19
9539 34
9540 92
9541 92
9542 19
9543 77
9544 92
9545 19
9546 92
9547 92
9548 44
9549 44
9550 7
9551 66
9552 7
9553 80
9554 19
9555 34
9556 66
9557 19
9558 15
9559 66
9560 77
9561 77
9562 92
9563 80
9564 19
9565 92
9566 92
9567 7
9568 80
9569 19
9570 7
9571 92
9572 19
9573 44
9574 92
9575 62
9576 77
9577 24
9578 66
9579 19
9580 48
9581 15
9582 80
9583 19
9584 92
9585 19
9586 92
9587 77
9588 77
9589 3
9590 80
9591 4
9592 19
9593 80
9594 34
9595 19
9596 44
9597 92
9598 12
9599 92
9600 92
9601 19
9602 77
9603 92
9604 77
9605 34
9606 19
9607 66
9608 15
9609 66
9610 92
9611 4
9612 92
9613 44
9614 92
9615 19
9616 92
9617 50
9618 19
9619 19
9620 92
9621 4
9622 80
9623 92
9624 19
9625 92
9626 92
9627 80
9628 92
9629 92
9630 92
9631 92
9632 15
9633 80
9634 15
9635 15
9636 19
9637 77
9638 19
9639 19
9640 97
9641 15
9642 15
9643 3
9644 19
9645 34
9646 19
9647 77
9648 44
9649 80
9650 15
9651 19
9652 4
9653 80
9654 19
9655 19
9656 19
9657 34
9658 19
9659 48
9660 77
9661 80
9662 19
9663 56
9664 84
9665 59
9666 15
9667 19
9668 32
9669 34
9670 51
9671 2
9672 77
9673 34
9674 19
9675 19
9676 7
9677 19
9678 34
9679 19
9680 77
9681 62
9682 51
9683 80
9684 62
9685 27
9686 56
9687 56
9688 62
9689 19
9690 19
9691 19
9692 77
9693 32
9694 19
9695 19
9696 80
9697 19
9698 77
9699 2
9700 80
9701 51
9702 2
9703 7
9704 80
9705 32
9706 2
9707 62
9708 62
9709 80
9710 19
9711 77
9712 19
9713 2
9714 80
9715 48
9716 24
9717 80
9718 24
9719 50
9720 32
9721 19
9722 80
9723 3
9724 19
9725 24
9726 80
9727 77
9728 19
9729 19
9730 19
9731 19
9732 7
9733 19
9734 80
9735 7
9736 77
9737 7
9738 7
9739 80
9740 32
9741 44
9742 7
9743 60
9744 19
9745 77
9746 7
9747 24
9748 7
9749 19
9750 80
9751 7
9752 7
9753 19
9754 15
9755 80
9756 77
9757 60
9758 19
9759 19
9760 32
9761 80
9762 15
9763 60
9764 19
9765 80
9766 62
9767 2
9768 50
9769 19
9770 77
9771 50
9772 62
9773 62
9774 19
9775 34
9776 41
9777 80
9778 19
9779 41
9780 77
9781 41
9782 19
9783 41
9784 41
9785 19
9786 19
9787 77
9788 41
9789 41
9790 19
9791 19
9792 41
9793 41
9794 19
9795 62
9796 77
9797 19
9798 32
9799 10
9800 41
9801 19
9802 77
9803 19
9804 19
9805 6
9806 58
9807 19
9808 80
9809 8
9810 10
9811 58
9812 32
9813 19
9814 7
9815 77
9816 15
9817 19
9818 19
9819 58
9820 19
9821 80
9822 80
9823 19
9824 56
9825 77
9826 80
9827 19
9828 44
9829 19
9830 19
9831 77
9832 19
9833 62
9834 19
9835 80
9836 19
9837 19
9838 81
9839 32
9840 19
9841 2
9842 19
9843 77
9844 62
9845 19
9846 19
9847 28
9848 6
9849 19
9850 28
9851 19
9852 62
9853 62
9854 2
9855 7
9856 6
9857 6
9858 62
9859 6
9860 15
9861 15
9862 19
9863 3
9864 80
9865 44
9866 6
9867 20
9868 19
9869 2
9870 2
9871 2
9872 77
9873 19
9874 62
9875 62
9876 19
9877 34
9878 2
9879 2
9880 19
9881 77
9882 19
9883 43
9884 2
9885 43
9886 15
9887 43
9888 19
9889 2
9890 77
9891 58
9892 43
9893 19
9894 15
9895 2
9896 19
9897 80
9898 19
9899 46
9900 19
9901 91
9902 15
9903 7
9904 77
9905 19
9906 32
9907 32
9908 91
9909 19
9910 91
9911 91
9912 62
9913 19
9914 19
9915 80
9916 15
9917 6
9918 77
9919 19
9920 7
9921 91
9922 7
9923 32
9924 19
9925 2
9926 80
9927 62
9928 19
9929 62
9930 19
9931 2
9932 3
9933 41
9934 41
9935 19
9936 50
9937 50
9938 41
9939 50
9940 77
9941 62
9942 7
9943 19
9944 41
9945 50
9946 19
9947 19
9948 41
9949 77
9950 62
9951 7
9952 19
9953 2
9954 50
9955 19
9956 62
9957 19
9958 50
9959 19
9960 77
9961 15
9962 19
9963 2
9964 41
9965 50
9966 7
9967 19
9968 80
9969 41
9970 19
9971 19
9972 77
9973 19
9974 3
9975 19
9976 50
9977 19
9978 77
9979 50
9980 3
9981 2
9982 32
9983 2
9984 62
9985 41
9986 65
9987 19
9988 80
9989 44
9990 19
9991 77
9992 2
9993 32
9994 19
9995 50
9996 2
9997 50
9998 41
9999 41
10000 19
10001 50
10002 50
10003 58
10004 44
10005 44
10006 19
10007 77
10008 41
10009 32
10010 50
10011 32
10012 50
10013 19
10014 19
10015 20
10016 15
10017 3
10018 19
10019 32
10020 19
10021 77
10022 74
10023 62
10024 62
10025 50
10026 62
10027 41
10028 50
10029 32
10030 19
10031 7
10032 60
10033 2
10034 50
10035 80
10036 2
10037 77
10038 2
10039 80
10040 19
10041 41
10042 44
10043 2
10044 19
10045 2
10046 46
10047 2
10048 32
10049 46
10050 19
10051 2
10052 80
10053 50
10054 15
10055 19
10056 2
10057 46
10058 77
10059 19
10060 56
10061 6
10062 19
10063 32
10064 2
10065 46
10066 19
10067 19
10068 19
10069 2
10070 80
10071 6
10072 32
10073 19
10074 19
10075 62
10076 77
10077 62
10078 19
10079 2
10080 62
10081 59
10082 19
10083 2
10084 62
10085 7
10086 7
10087 50
10088 19
10089 50
10090 77
10091 32
10092 2
10093 58
10094 32
10095 19
10096 2
10097 15
10098 15
10099 6
10100 62
10101 62
10102 80
10103 62
10104 62
10105 19
10106 50
10107 2
10108 3
10109 19
10110 19
10111 62
10112 62
10113 62
10114 44
10115 2
10116 65
10117 65
10118 65
10119 19
10120 65
10121 65
10122 65
10123 77
10124 65
10125 2
10126 19
10127 50
10128 2
10129 65
10130 6
10131 65
10132 65
10133 19
10134 46
10135 50
10136 46
10137 46
10138 2
10139 65
10140 19
10141 50
10142 19
10143 65
10144 46
10145 15
10146 48
10147 15
10148 77
10149 15
10150 2
10151 65
10152 80
10153 19
10154 50
10155 50
10156 50
10157 77
10158 2
10159 19
10160 46
10161 46
10162 19
10163 50
10164 65
10165 2
10166 46
10167 46
10168 15
10169 46
10170 80
10171 19
10172 48
10173 48
10174 77
10175 46
10176 50
10177 19
10178 80
10179 46
10180 62
10181 46
10182 2
10183 65
10184 46
10185 50
10186 19
10187 15
10188 19
10189 80
10190 50
10191 77
10192 50
10193 19
10194 2
10195 65
10196 65
10197 2
10198 80
10199 19
10200 46
10201 77
10202 19
10203 46
10204 7
10205 50
10206 32
10207 65
10208 50
10209 50
10210 32
10211 46
10212 46
10213 19
10214 46
10215 77
10216 19
10217 50
10218 50
10219 50
10220 19
10221 62
10222 46
10223 46
10224 19
10225 65
10226 46
10227 32
10228 62
10229 46
10230 77
10231 2
10232 19
10233 19
10234 62
10235 2
10236 80
10237 46
10238 50
10239 65
10240 19
10241 50
10242 7
10243 2
10244 19
10245 46
10246 77
10247 46
10248 7
10249 50
10250 50
10251 32
10252 80
10253 44
10254 2
10255 19
10256 50
10257 50
10258 2
10259 15
10260 19
10261 77
10262 15
10263 53
10264 35
10265 22
10266 16
10267 7
10268 59
10269 0
10270 76
10271 1
10272 1
10273 1
10274 18
10275 32
10276 18
10277 13
10278 2
10279 24
10280 24
10281 1
10282 16
10283 1
10284 16
10285 16
10286 6
10287 1
10288 1
10289 1
10290 28
10291 21
10292 18
10293 18
10294 17
10295 22
10296 24
10297 24
10298 22
10299 2
10300 22
10301 24
10302 24
10303 22
10304 22
10305 37
10306 16
10307 18
10308 2
10309 18
10310 18
10311 35
10312 35
10313 38
10314 38
10315 35
10316 2
10317 38
10318 30
10319 22
10320 21
10321 30
10322 22
10323 37
10324 14
10325 51
10326 39
10327 41
10328 41
10329 41
10330 38
10331 35
10332 5
10333 41
10334 37
10335 26
10336 26
10337 26
10338 26
10339 35
10340 26
10341 26
10342 6
10343 26
10344 16
10345 21
10346 47
10347 47
10348 48
10349 48
10350 40
10351 50
10352 49
10353 53
10354 53
10355 44
10356 26
10357 44
10358 49
10359 49
10360 54
10361 6
10362 30
10363 49
10364 53
10365 53
10366 50
10367 28
10368 57
10369 57
10370 1
10371 50
10372 1
10373 53
10374 3
10375 3
10376 53
10377 40
10378 10
10379 10
10380 59
10381 10
10382 10
10383 10
10384 2
10385 65
10386 65
10387 63
10388 10
10389 10
10390 10
10391 70
10392 10
10393 41
10394 84
10395 54
10396 0
10397 22
10398 31
10399 31
10400 22
10401 30
10402 37
10403 5
10404 26
10405 49
10406 52
10407 50
10408 53
10409 21
10410 50
10411 68
10412 12
10413 6
10414 73
10415 51
10416 73
10417 37
10418 73
10419 5
10420 24
10421 63
10422 73
10423 73
10424 73
10425 47
10426 74
10427 15
10428 75
10429 13
10430 1
10431 1
10432 1
10433 15
10434 1
10435 25
10436 15
10437 16
10438 17
10439 1
10440 23
10441 19
10442 15
10443 17
10444 5
10445 19
10446 15
10447 32
10448 32
10449 2
10450 77
10451 77
10452 2
10453 35
10454 77
10455 77
10456 35
10457 24
10458 44
10459 35
10460 44
10461 5
10462 13
10463 6
10464 6
10465 48
10466 16
10467 77
10468 50
10469 77
10470 26
10471 22
10472 80
10473 5
10474 45
10475 23
10476 5
10477 13
10478 78
10479 34
10480 78
10481 5
10482 57
10483 57
10484 34
10485 57
10486 7
10487 7
10488 41
10489 80
10490 22
10491 23
10492 4
10493 78
10494 76
10495 76
10496 76
10497 76
10498 13
10499 17
10500 23
10501 45
10502 22
10503 22
10504 9
10505 22
10506 31
10507 22
10508 22
10509 10
10510 65
10511 31
10512 8
10513 77
10514 76
10515 15
10516 1
10517 43
10518 1
10519 31
10520 24
10521 22
10522 35
10523 51
10524 55
10525 44
10526 35
10527 77
10528 41
10529 53
10530 2
10531 86
10532 3
10533 60
10534 73
10535 5
10536 73
10537 34
10538 6
10539 30
10540 77
10541 74
10542 70
10543 12
10544 55
10545 41
10546 26
10547 41
10548 18
10549 6
10550 21
10551 49
10552 11
10553 6
10554 34
10555 46
10556 27
10557 61
10558 65
10559 65
10560 67
10561 65
10562 67
10563 0
10564 13
10565 15
10566 15
10567 15
10568 15
10569 1
10570 1
10571 76
10572 60
10573 23
10574 17
10575 20
10576 23
10577 18
10578 21
10579 22
10580 2
10581 21
10582 20
10583 21
10584 35
10585 32
10586 37
10587 35
10588 21
10589 39
10590 51
10591 2
10592 21
10593 51
10594 23
10595 41
10596 21
10597 35
10598 23
10599 45
10600 45
10601 47
10602 47
10603 45
10604 45
10605 45
10606 47
10607 21
10608 49
10609 79
10610 22
10611 41
10612 45
10613 50
10614 48
10615 48
10616 41
10617 21
10618 45
10619 28
10620 41
10621 16
10622 21
10623 82
10624 82
10625 82
10626 82
10627 41
10628 21
10629 2
10630 70
10631 56
10632 70
10633 20
10634 56
10635 48
10636 79
10637 78
10638 74
10639 65
10640 56
10641 52
10642 8
10643 8
10644 16
10645 21
10646 21
10647 24
10648 42
10649 42
10650 2
10651 35
10652 42
10653 42
10654 47
10655 47
10656 48
10657 53
10658 16
10659 54
10660 79
10661 41
10662 55
10663 47
10664 7
10665 7
10666 42
10667 7
10668 46
10669 3
10670 2
10671 63
10672 25
10673 65
10674 4
10675 25
10676 69
10677 63
10678 12
10679 1
10680 19
10681 19
10682 19
10683 17
10684 22
10685 19
10686 19
10687 22
10688 16
10689 19
10690 42
10691 5
10692 16
10693 5
10694 35
10695 44
10696 41
10697 6
10698 47
10699 48
10700 40
10701 48
10702 48
10703 19
10704 19
10705 41
10706 41
10707 5
10708 41
10709 50
10710 79
10711 41
10712 11
10713 11
10714 41
10715 41
10716 41
10717 41
10718 16
10719 41
10720 41
10721 16
10722 41
10723 41
10724 41
10725 52
10726 41
10727 41
10728 41
10729 41
10730 41
10731 41
10732 19
10733 54
10734 41
10735 41
10736 56
10737 55
10738 41
10739 57
10740 38
10741 57
10742 78
10743 19
10744 41
10745 41
10746 41
10747 41
10748 41
10749 41
10750 19
10751 41
10752 41
10753 25
10754 56
10755 41
10756 41
10757 19
10758 56
10759 78
10760 41
10761 41
10762 41
10763 58
10764 19
10765 52
10766 66
10767 41
10768 4
10769 63
10770 50
10771 26
10772 59
10773 73
10774 13
10775 21
10776 23
10777 21
10778 17
10779 21
10780 21
10781 21
10782 21
10783 21
10784 21
10785 21
10786 60
10787 21
10788 21
10789 22
10790 22
10791 22
10792 23
10793 22
10794 34
10795 37
10796 32
10797 37
10798 22
10799 37
10800 37
10801 24
10802 39
10803 37
10804 32
10805 39
10806 37
10807 22
10808 22
10809 24
10810 37
10811 37
10812 24
10813 22
10814 41
10815 55
10816 55
10817 37
10818 22
10819 41
10820 41
10821 41
10822 45
10823 41
10824 50
10825 41
10826 3
10827 22
10828 6
10829 78
10830 37
10831 78
10832 4
10833 4
10834 4
10835 37
10836 4
10837 4
10838 4
10839 41
10840 41
10841 22
10842 39
10843 22
10844 41
10845 41
10846 14
10847 21
10848 22
10849 22
10850 37
10851 22
10852 3
10853 22
10854 85
10855 58
10856 53
10857 58
10858 73
10859 58
10860 22
10861 37
10862 59
10863 65
10864 65
10865 65
10866 65
10867 66
10868 65
10869 37
10870 22
10871 65
10872 65
10873 1
10874 28
10875 31
10876 20
10877 38
10878 40
10879 51
10880 35
10881 16
10882 48
10883 49
10884 42
10885 26
10886 45
10887 46
10888 46
10889 5
10890 41
10891 41
10892 41
10893 56
10894 34
10895 50
10896 34
10897 73
10898 73
10899 41
10900 48
10901 0
10902 35
10903 39
10904 22
10905 29
10906 5
10907 10
10908 60
10909 60
10910 17
10911 21
10912 16
10913 31
10914 60
10915 60
10916 35
10917 5
10918 6
10919 29
10920 38
10921 26
10922 6
10923 5
10924 26
10925 31
10926 22
10927 60
10928 5
10929 22
10930 78
10931 14
10932 26
10933 86
10934 14
10935 60
10936 51
10937 50
10938 30
10939 73
10940 73
10941 73
10942 17
10943 73
10944 73
10945 73
10946 50
10947 73
10948 34
10949 22
10950 73
10951 35
10952 73
10953 59
10954 74
10955 34
10956 73
10957 22
10958 74
10959 74
10960 22
10961 39
10962 39
10963 39
10964 39
10965 10
10966 31
10967 37
10968 31
10969 20
10970 31
10971 47
10972 47
10973 57
10974 57
10975 62
10976 69
10977 29
10978 25
10979 52
10980 12
10981 63
10982 2
10983 13
10984 37
10985 43
10986 52
10987 9
10988 34
10989 7
10990 13
10991 21
10992 21
10993 21
10994 5
10995 26
10996 6
10997 6
10998 52
10999 52
11000 5
11001 6
11002 41
11003 38
11004 18
11005 21
11006 13
11007 47
11008 82
11009 82
11010 82
11011 16
11012 56
11013 13
11014 73
11015 67
11016 62
11017 62
11018 62
11019 5
11020 70
11021 70
11022 74
11023 5
11024 74
11025 74
11026 70
11027 25
11028 5
11029 73
11030 24
11031 37
11032 48
11033 6
11034 52
11035 26
11036 54
11037 16
11038 16
11039 16
11040 16
11041 16
11042 50
11043 38
11044 72
11045 82
11046 73
11047 9
11048 38
11049 28
11050 34
11051 46
11052 3
11053 54
11054 64
11055 26
11056 73
11057 16
11058 53
11059 63
11060 17
11061 22
11062 54
11063 57
11064 22
11065 5
11066 6
11067 6
11068 37
11069 50
11070 73
11071 5
11072 34
11073 73
11074 34
11075 34
11076 73
11077 67
11078 54
11079 65
11080 67
11081 53
11082 70
11083 70
11084 65
11085 56
11086 70
11087 43
11088 66
11089 8
11090 2
11091 50
11092 44
11093 71
11094 59
11095 74
11096 86
11097 44
11098 8
11099 47
11100 91
11101 10
11102 25
11103 12
11104 46
11105 70
11106 12
11107 12
11108 21
11109 88
11110 57
11111 66
11112 93
11113 12
11114 93
11115 43
11116 43
11117 55
11118 91
11119 26
11120 26
11121 43
11122 65
11123 70
11124 16
11125 45
11126 70
11127 45
11128 59
11129 76
11130 7
11131 65
11132 91
11133 43
11134 89
11135 77
11136 22
11137 13
11138 90
11139 22
11140 8
11141 93
11142 93
11143 43
11144 84
11145 12
11146 70
11147 45
11148 93
11149 93
11150 93
11151 46
11152 93
11153 76
11154 3
11155 91
11156 91
11157 65
11158 3
11159 8
11160 41
11161 41
11162 1
11163 49
11164 41
11165 21
11166 65
11167 12
11168 74
11169 16
11170 21
11171 21
11172 21
11173 94
11174 63
11175 47
11176 63
11177 41
11178 62
11179 56
11180 90
11181 90
11182 43
11183 43
11184 51
11185 41
11186 41
11187 41
11188 66
11189 41
11190 63
11191 92
11192 32
11193 92
11194 25
11195 8
11196 4
11197 22
11198 88
11199 88
11200 88
11201 88
11202 37
11203 66
11204 5
11205 37
11206 63
11207 8
11208 65
11209 74
11210 88
11211 65
11212 82
11213 94
11214 22
11215 94
11216 94
11217 74
11218 22
11219 58
11220 66
11221 88
11222 4
11223 58
11224 65
11225 75
11226 66
11227 12
11228 89
11229 60
11230 70
11231 6
11232 96
11233 74
11234 55
11235 41
11236 93
11237 41
11238 57
11239 71
11240 70
11241 50
11242 43
11243 43
11244 91
11245 91
11246 8
11247 70
11248 43
11249 88
11250 34
11251 34
11252 54
11253 34
11254 12
11255 88
11256 74
11257 92
11258 46
11259 16
11260 65
11261 41
11262 24
11263 94
11264 26
11265 87
11266 87
11267 75
11268 12
11269 43
11270 82
11271 74
11272 43
11273 82
11274 8
11275 8
11276 46
11277 25
11278 65
11279 9
11280 59
11281 56
11282 91
11283 61
11284 61
11285 27
11286 69
11287 49
11288 65
11289 88
11290 88
11291 65
11292 94
11293 8
11294 82
11295 88
11296 82
11297 64
11298 48
11299 48
11300 13
11301 83
11302 81
11303 48
11304 34
11305 50
11306 8
11307 46
11308 34
11309 83
11310 65
11311 46
11312 58
11313 4
11314 8
11315 65
11316 34
11317 65
11318 94
11319 91
11320 7
11321 63
11322 76
11323 47
11324 77
11325 16
11326 7
11327 76
11328 70
11329 45
11330 84
11331 1
11332 8
11333 91
11334 8
11335 8
11336 59
11337 73
11338 73
11339 79
11340 39
11341 21
11342 6
11343 21
11344 35
11345 22
11346 17
11347 23
11348 17
11349 16
11350 84
11351 59
11352 73
11353 28
11354 34
11355 34
11356 15
11357 47
11358 1
11359 73
11360 21
11361 1
11362 17
11363 21
11364 68
11365 34
11366 25
11367 48
11368 6
11369 21
11370 21
11371 57
11372 83
11373 55
11374 74
11375 50
11376 34
11377 73
11378 34
11379 86
11380 34
11381 34
11382 21
11383 80
11384 80
11385 22
11386 21
11387 47
11388 50
11389 51
11390 21
11391 21
11392 21
11393 21
11394 21
11395 54
11396 78
11397 14
11398 78
11399 14
11400 21
11401 44
11402 35
11403 52
11404 21
11405 21
11406 21
11407 21
11408 80
11409 21
11410 35
11411 47
11412 14
11413 22
11414 34
11415 21
11416 35
11417 21
11418 5
11419 22
11420 22
11421 32
11422 47
11423 47
11424 5
11425 22
11426 26
11427 21
11428 5
11429 5
11430 21
11431 38
11432 38
11433 35
11434 22
11435 21
11436 21
11437 21
11438 51
11439 51
11440 22
11441 21
11442 21
11443 21
11444 35
11445 35
11446 77
11447 21
11448 35
11449 35
11450 77
11451 51
11452 77
11453 77
11454 35
11455 35
11456 17
11457 22
11458 22
11459 58
11460 48
11461 48
11462 19
11463 25
11464 84
11465 46
11466 4
11467 73
11468 59
11469 9
11470 73
11471 73
11472 24
11473 19
11474 26
11475 9
11476 48
11477 48
11478 56
11479 22
11480 37
11481 35
11482 19
11483 38
11484 56
11485 48
11486 4
11487 56
11488 44
11489 1
11490 16
11491 37
11492 48
11493 48
11494 48
11495 48
11496 48
11497 21
11498 50
11499 23
11500 37
11501 48
11502 26
11503 48
11504 26
11505 19
11506 48
11507 48
11508 13
11509 16
11510 47
11511 48
11512 48
11513 48
11514 48
11515 35
11516 48
11517 22
11518 48
11519 48
11520 48
11521 48
11522 47
11523 16
11524 6
11525 16
11526 19
11527 16
11528 44
11529 55
11530 37
11531 22
11532 22
11533 41
11534 16
11535 37
11536 37
11537 16
11538 58
11539 74
11540 65
11541 58
11542 19
11543 22
11544 58
11545 58
11546 58
11547 58
11548 58
11549 48
11550 63
11551 22
11552 37
11553 5
11554 18
11555 48
11556 37
11557 19
11558 46
11559 50
11560 59
11561 39
11562 59
11563 83
11564 58
11565 68
11566 6
11567 34
11568 34
11569 37
11570 34
11571 34
11572 50
11573 19
11574 1
11575 19
11576 34
11577 19
11578 60
11579 47
11580 1
11581 30
11582 34
11583 55
11584 14
11585 50
11586 22
11587 2
11588 4
11589 4
11590 14
11591 50
11592 26
11593 50
11594 80
11595 26
11596 34
11597 14
11598 50
11599 39
11600 6
11601 4
11602 4
11603 4
11604 48
11605 4
11606 26
11607 39
11608 21
11609 21
11610 24
11611 16
11612 48
11613 37
11614 55
11615 50
11616 50
11617 19
11618 50
11619 19
11620 50
11621 55
11622 16
11623 22
11624 55
11625 30
11626 19
11627 37
11628 41
11629 30
11630 19
11631 34
11632 30
11633 2
11634 2
11635 55
11636 21
11637 41
11638 55
11639 17
11640 55
11641 24
11642 17
11643 17
11644 2
11645 21
11646 21
11647 29
11648 19
11649 2
11650 24
11651 39
11652 55
11653 14
11654 39
11655 14
11656 37
11657 39
11658 39
11659 39
11660 37
11661 21
11662 2
11663 21
11664 24
11665 21
11666 60
11667 22
11668 60
11669 24
11670 22
11671 23
11672 23
11673 5
11674 34
11675 26
11676 19
11677 5
11678 50
11679 19
11680 48
11681 51
11682 42
11683 77
11684 6
11685 77
11686 22
11687 41
11688 51
11689 41
11690 22
11691 15
11692 22
11693 14
11694 49
11695 31
11696 34
11697 49
11698 48
11699 4
11700 22
11701 26
11702 26
11703 2
11704 10
11705 2
11706 2
11707 34
11708 48
11709 20
11710 17
11711 16
11712 49
11713 63
11714 26
11715 26
11716 12
11717 66
11718 25
11719 59
11720 58
11721 74
11722 21
11723 73
11724 59
11725 88
11726 5
11727 70
11728 71
11729 22
11730 87
11731 2
11732 56
11733 66
11734 21
11735 93
11736 54
11737 74
11738 12
11739 32
11740 39
11741 59
11742 93
11743 46
11744 89
11745 89
11746 14
11747 49
11748 31
11749 19
11750 22
11751 92
11752 74
11753 87
11754 46
11755 46
11756 25
11757 65
11758 65
11759 66
11760 59
11761 89
11762 58
11763 10
11764 22
11765 10
11766 21
11767 66
11768 60
11769 89
11770 87
11771 87
11772 53
11773 66
11774 46
11775 87
11776 41
11777 22
11778 41
11779 87
11780 21
11781 38
11782 19
11783 60
11784 2
11785 77
11786 41
11787 46
11788 26
11789 46
11790 87
11791 77
11792 76
11793 91
11794 66
11795 60
11796 74
11797 59
11798 59
11799 7
11800 2
11801 30
11802 19
11803 60
11804 66
11805 88
11806 82
11807 50
11808 52
11809 59
11810 19
11811 87
11812 41
11813 60
11814 7
11815 76
11816 88
11817 91
11818 70
11819 82
11820 67
11821 41
11822 92
11823 10
11824 89
11825 77
11826 16
11827 16
11828 55
11829 44
11830 58
11831 12
11832 39
11833 46
11834 5
11835 26
11836 88
11837 71
11838 21
11839 17
11840 88
11841 88
11842 22
11843 3
11844 73
11845 8
11846 31
11847 8
11848 7
11849 8
11850 88
11851 43
11852 92
11853 39
11854 8
11855 87
11856 43
11857 88
11858 88
11859 88
11860 88
11861 74
11862 74
11863 74
11864 74
11865 74
11866 80
11867 21
11868 21
11869 8
11870 45
11871 73
11872 58
11873 39
11874 41
11875 71
11876 17
11877 82
11878 41
11879 91
11880 26
11881 82
11882 93
11883 22
11884 50
11885 39
11886 39
11887 12
11888 41
11889 21
11890 46
11891 82
11892 41
11893 87
11894 4
11895 94
11896 94
11897 74
11898 21
11899 66
11900 47
11901 12
11902 41
11903 41
11904 41
11905 48
11906 48
11907 82
11908 46
11909 19
11910 66
11911 9
11912 92
11913 31
11914 31
11915 12
11916 34
11917 17
11918 50
11919 74
11920 80
11921 22
11922 2
11923 19
11924 21
11925 21
11926 41
11927 74
11928 19
11929 19
11930 82
11931 82
11932 82
11933 82
11934 82
11935 82
11936 82
11937 3
11938 82
11939 58
11940 74
11941 71
11942 41
11943 94
11944 41
11945 92
11946 41
11947 9
11948 74
11949 74
11950 74
11951 91
11952 21
11953 22
11954 82
11955 26
11956 74
11957 74
11958 82
11959 41
11960 52
11961 46
11962 58
11963 65
11964 58
11965 82
11966 91
11967 21
11968 82
11969 2
11970 21
11971 19
11972 50
11973 82
11974 34
11975 91
11976 12
11977 4
11978 92
11979 58
11980 44
11981 74
11982 74
11983 21
11984 16
11985 56
11986 80
11987 66
11988 1
11989 76
11990 21
11991 66
11992 34
11993 24
11994 48
11995 66
11996 8
11997 82
11998 41
11999 41
12000 41
12001 5
12002 41
12003 22
12004 41
12005 5
12006 5
12007 74
12008 83
12009 74
12010 50
12011 66
12012 66
12013 22
12014 41
12015 59
12016 92
12017 4
12018 74
12019 21
12020 53
12021 5
12022 34
12023 22
12024 73
12025 5
12026 74
12027 58
12028 21
12029 73
12030 41
12031 19
12032 41
12033 16
12034 66
12035 1
12036 21
12037 14
12038 1
12039 8
12040 34
12041 71
12042 2
12043 34
12044 34
12045 21
12046 82
12047 8
12048 32
12049 16
12050 1
12051 86
12052 22
12053 21
12054 41
12055 82
12056 50
12057 80
12058 74
12059 41
12060 73
12061 67
12062 20
12063 74
12064 58
12065 66
12066 21
12067 82
12068 58
12069 58
12070 66
12071 77
12072 17
12073 66
12074 34
12075 66
12076 0
12077 74
12078 82
12079 62
12080 59
12081 74
12082 58
12083 77
12084 19
12085 66
12086 4
12087 21
12088 21
12089 73
12090 91
12091 22
12092 16
12093 21
12094 50
12095 34
12096 50
12097 34
12098 1
12099 66
12100 22
12101 46
12102 21
12103 77
12104 84
12105 21
12106 21
12107 86
12108 74
12109 80
12110 50
12111 22
12112 34
12113 86
12114 92
12115 59
12116 59
12117 77
12118 86
12119 41
12120 21
12121 66
12122 59
12123 21
12124 1
12125 66
12126 3
12127 66
12128 50
12129 92
12130 50
12131 7
12132 32
12133 21
12134 92
12135 82
12136 22
12137 21
12138 22
12139 16
12140 16
12141 34
12142 5
12143 74
12144 5
12145 92
12146 62
12147 14
12148 19
12149 1
12150 14
12151 16
12152 14
12153 21
12154 5
12155 5
12156 41
12157 9
12158 91
12159 66
12160 66
12161 55
12162 55
12163 19
12164 34
12165 66
12166 86
12167 34
12168 34
12169 16
12170 34
12171 16
12172 2
12173 32
12174 58
12175 5
12176 3
12177 21
12178 5
12179 5
12180 34
12181 34
12182 5
12183 65
12184 71
12185 5
12186 2
12187 77
12188 25
12189 66
12190 65
12191 19
12192 19
12193 41
12194 59
12195 77
12196 86
12197 86
12198 86
12199 86
12200 86
12201 86
12202 58
12203 5
12204 5
12205 5
12206 41
12207 55
12208 55
12209 22
12210 22
12211 22
12212 22
12213 22
12214 41
12215 2
12216 2
12217 19
12218 77
12219 22
12220 80
12221 41
12222 66
12223 41
12224 74
12225 82
12226 41
12227 48
12228 86
12229 77
12230 58
12231 20
12232 67
12233 41
12234 63
12235 41
12236 92
12237 56
12238 92
12239 41
12240 92
12241 20
12242 2
12243 92
12244 92
12245 66
12246 50
12247 77
12248 19
12249 19
12250 19
12251 89
12252 58
12253 58
12254 92
12255 58
12256 19
12257 19
12258 27
12259 58
12260 89
12261 89
12262 89
12263 92
12264 19
12265 2
12266 59
12267 32
12268 2
12269 19
12270 15
12271 15
12272 50
12273 15
12274 19
12275 65
12276 65
12277 58
12278 58
12279 66
12280 58
12281 80
12282 12
12283 58
12284 32
12285 32
12286 58
12287 92
12288 19
12289 58
12290 58
12291 50
12292 2
12293 41
12294 41
12295 92
12296 66
12297 15
12298 50
12299 19
12300 2
12301 21
12302 15
12303 41
12304 39
12305 45
12306 19
12307 92
12308 1
12309 66
12310 19
12311 60
12312 19
12313 19
12314 32
12315 80
12316 19
12317 32
12318 66
12319 34
12320 92
12321 34
12322 68
12323 97
12324 19
12325 15
12326 80
12327 19
12328 19
12329 32
12330 41
12331 19
12332 19
12333 80
12334 51
12335 19
12336 80
12337 15
12338 19
12339 7
12340 34
12341 19
12342 34
12343 19
12344 2
12345 19
12346 60
12347 3
12348 77
12349 44
12350 19
12351 51
12352 62
12353 41
12354 41
12355 41
12356 41
12357 41
12358 41
12359 19
12360 19
12361 77
12362 44
12363 91
12364 3
12365 19
12366 62
12367 19
12368 19
12369 62
12370 2
12371 77
12372 19
12373 32
12374 15
12375 19
12376 6
12377 80
12378 91
12379 62
12380 41
12381 19
12382 62
12383 80
12384 19
12385 6
12386 62
12387 19
12388 50
12389 7
12390 46
12391 46
12392 80
12393 19
12394 19
12395 19
12396 80
12397 19
12398 19
12399 19
12400 50
12401 62
12402 19
12403 41
12404 15
12405 19
12406 19
12407 19
12408 44
12409 15
12410 77
12411 2
12412 46
12413 15
12414 19
12415 46
12416 2
12417 46
12418 2
12419 46
12420 19
12421 2
12422 46
12423 19
12424 15
12425 80
12426 19
12427 50
12428 15
12429 2
12430 19
12431 77
12432 44
12433 44
12434 50
12435 19
12436 2
12437 19
12438 80
12439 65
12440 19
12441 50
12442 80
12443 77
12444 80
