90 22 1
90 77 1
90 60 1
90 1 1
90 91 1
90 35 1
93 43 1
93 91 1
93 65 1
93 27 1
93 32 1
93 74 1
93 45 1
93 44 1
91 1 1
91 67 1
91 84 1
91 79 1
91 35 1
91 85 1
91 93 1
91 22 1
8 74 1
8 3 1
8 66 1
8 22 1
12 1 1
12 16 1
12 93 1
12 26 1
12 91 1
69 67 1
69 74 1
69 77 1
69 1 1
69 34 1
69 76 1
69 22 1
69 3 1
69 9 1
66 1 1
66 50 1
65 26 1
77 50 1
65 93 1
65 32 1
74 66 1
74 1 1
74 20 1
74 47 1
74 76 -1
63 62 1
63 17 1
63 47 1
63 35 1
63 59 1
63 1 1
62 17 1
62 84 -1
62 32 -1
10 17 1
10 35 1
10 23 1
10 16 1
10 58 1
10 49 1
10 60 1
10 74 1
10 68 1
10 14 1
10 48 1
10 78 1
10 95 1
10 22 1
10 31 1
10 9 1
10 66 1
10 2 1
10 3 1
10 40 1
10 92 1
10 42 1
10 5 1
85 39 1
61 16 1
61 59 1
61 74 1
67 20 1
67 80 1
67 13 1
67 53 1
67 42 1
67 6 1
67 17 1
67 77 1
67 56 1
67 31 1
67 65 1
67 40 1
67 26 1
67 64 1
67 23 1
67 35 1
67 38 1
67 60 1
67 74 1
67 50 1
67 9 1
67 14 1
67 76 1
59 20 1
59 3 1
68 74 1
83 58 1
83 7 1
9 3 1
73 34 1
73 66 1
58 35 -1
58 65 -1
7 1 1
7 17 1
7 2 1
7 3 1
7 62 1
7 83 1
82 4 1
56 22 1
56 1 1
56 5 1
56 21 1
56 35 1
56 7 1
56 79 1
56 38 1
72 35 1
72 55 1
4 39 1
4 55 1
4 65 -1
4 80 1
4 92 1
54 34 1
54 13 1
54 39 1
54 47 1
54 29 1
79 32 1
11 31 1
11 1 1
53 22 1
53 48 1
53 83 1
53 14 1
53 59 1
53 67 1
53 91 1
52 16 1
47 54 1
47 35 -1
47 74 1
48 1 1
48 7 1
49 44 1
49 1 1
78 77 1
78 55 -1
78 62 1
45 35 1
45 60 1
45 30 1
45 17 1
45 22 1
45 14 1
45 40 1
45 64 1
44 77 1
55 39 1
55 1 1
55 50 1
55 14 1
55 4 1
55 26 1
55 92 1
51 17 1
51 24 1
51 1 1
3 1 1
3 35 1
3 17 1
3 61 1
3 60 1
3 9 1
3 7 1
3 32 1
3 14 1
3 8 1
3 59 1
40 17 1
41 22 1
41 1 1
71 1 1
38 16 1
38 1 1
38 17 1
38 24 1
38 35 -1
38 56 1
39 1 1
39 55 1
39 50 1
39 4 1
39 54 1
39 37 1
39 26 1
80 4 1
37 34 1
37 30 1
37 1 1
37 55 1
37 5 1
37 35 1
37 20 1
37 39 1
37 17 1
37 32 -1
35 31 1
35 16 -1
35 60 1
35 30 1
35 37 1
35 58 -1
84 3 1
24 1 1
24 17 1
24 60 1
24 26 1
24 22 1
24 38 1
24 31 1
32 2 -1
32 48 -1
32 23 -1
32 5 1
32 30 -1
32 79 1
32 73 -1
32 45 -1
32 35 -1
32 68 -1
32 3 1
32 10 -1
32 76 -1
32 65 1
30 37 1
30 60 1
30 24 1
30 16 1
30 35 1
30 1 1
30 77 1
30 59 1
30 14 1
18 1 1
18 20 1
18 48 -1
18 6 1
18 11 -1
20 16 1
33 17 1
42 20 1
42 67 1
21 5 1
21 35 1
21 22 1
21 56 1
23 2 1
23 19 1
23 14 1
23 37 1
6 1 1
6 31 1
6 5 1
43 91 1
43 93 1
43 26 1
43 35 1
43 74 1
43 44 1
28 1 1
28 45 1
27 93 1
26 35 1
26 22 1
26 1 1
26 16 1
26 66 1
26 48 1
26 74 1
26 55 1
76 1 1
76 14 1
76 67 1
76 48 1
76 73 1
76 43 1
16 37 1
16 30 1
16 32 1
16 20 1
16 18 1
16 6 1
16 50 1
16 26 1
16 17 1
16 1 1
16 61 1
15 1 1
13 1 1
13 22 1
13 54 1
13 20 1
13 14 1
5 37 1
5 26 1
5 32 1
5 14 1
5 78 1
1 23 -1
1 35 -1
1 11 1
1 55 -1
1 16 1
1 19 1
14 5 1
14 55 1
14 53 1
14 50 1
14 58 1
14 67 1
14 45 1
14 51 1
14 23 1
14 3 1
14 30 1
50 14 1
50 66 1
60 24 1
60 23 1
60 16 1
60 1 1
60 17 1
60 30 1
60 35 1
60 22 1
60 34 1
17 24 1
17 77 1
31 1 1
31 22 1
31 17 1
31 35 1
77 17 1
77 93 -1
19 1 1
19 60 1
19 17 1
19 35 1
19 77 1
19 74 1
19 83 1
83 19 1
27 1 1
10 26 1
14 77 1
39 74 1
87 93 1
74 50 1
53 31 1
74 87 -1
19 92 1
92 19 1
87 16 1
87 3 1
67 10 1
10 67 1
3 22 1
50 3 1
32 82 -1
43 58 1
1 32 1
1 17 1
4 82 1
12 76 1
87 56 1
32 22 -1
26 39 1
50 92 1
92 50 1
94 82 1
19 22 1
82 94 1
21 58 -1
21 1 1
14 74 1
74 19 1
74 14 1
58 22 -1
94 12 1
94 92 1
1 73 -1
66 14 1
14 66 1
32 92 -1
4 50 1
73 59 1
92 80 1
12 80 1
58 32 -1
32 58 -1
5 21 1
19 34 1
79 92 -1
74 92 1
83 62 1
73 92 -1
73 86 1
34 80 1
80 34 1
16 34 1
66 80 1
32 86 -1
32 67 -1
66 92 1
92 66 1
74 86 -1
73 67 -1
59 92 1
34 1 1
59 21 1
59 77 1
73 15 -1
62 74 1
74 62 1
29 1 1
73 5 -1
73 22 -1
74 16 1
16 74 1
15 34 1
79 19 -1
30 17 1
32 14 -1
55 80 1
17 30 1
28 86 1
62 35 -1
12 17 1
3 50 1
16 92 1
32 38 -1
32 1 -1
67 92 1
50 86 -1
77 30 1
92 77 1
77 92 1
23 92 1
25 44 1
58 58 1
19 44 1
25 92 1
50 80 1
92 25 1
66 32 1
80 32 1
80 19 1
19 25 1
50 15 1
12 44 1
50 32 1
44 32 1
50 44 1
12 12 1
15 50 1
19 80 1
67 12 1
19 12 1
12 19 1
15 15 1
77 44 1
97 15 1
67 62 1
34 19 1
77 19 1
24 51 1
80 50 1
34 50 1
50 34 1
50 77 1
62 7 1
32 19 -1
62 62 1
6 80 1
19 50 1
50 19 1
62 77 1
2 19 1
48 62 1
2 50 1
50 2 1
50 74 1
2 15 1
